(114,125) 43 
(115,114) 43 
(121,323) 102 
(122,124) 42 
(123,122) 42 
(124,528) 30 
(125,397) 24 
(148,353) 226 
(157,377) 119 
(174,175) 8 
(175,174) 34 
(176,347) 185 
(183,348) 10 
(230,152) 31 
(236,465) 2 
(237,517) 166 
(247,450) 152 
(258,438) 217 
(278,230) 31 
(293,393) 42 
(300,301) 111 
(312,237) 166 
(313,386) 176 
(315,313) 144 
(320,509) 220 
(321,320) 21 
(327,293) 21 
(329,296) 5 
(332,449) 11 
(333,332) 1 
(334,182) 244 
(352,378) 168 
(353,385) 3 
(353,529) 58 
(356,294) 34 
(358,247) 83 
(359,493) 190 
(360,446) 128 
(362,330) 1 
(363,463) 1 
(370,300) 111 
(378,486) 205 
(382,549) 25 
(385,333) 3 
(389,433) 1 
(391,120) 8 
(392,121) 190 
(393,305) 42 
(396,447) 1 
(397,360) 24 
(414,157) 18 
(415,396) 1 
(417,325) 183 
(420,324) 223 
(423,349) 1 
(423,357) 63 
(432,151) 59 
(438,401) 217 
(439,402) 234 
(441,324) 258 
(446,359) 127 
(450,321) 152 
(454,277) 23 
(462,451) 31 
(463,506) 1 
(464,295) 2 
(465,414) 15 
(466,356) 1 
(470,280) 208 
(473,346) 169 
(486,417) 183 
(493,392) 189 
(497,345) 103 
(506,389) 1 
(509,419) 234 
(510,420) 223 
(512,421) 87 
(513,171) 171 
(527,484) 264 
(528,445) 11 
(529,334) 219 
(532,311) 1 
(538,347) 6 
(540,347) 25 
(547,548) 2 
(549,540) 25 
