(114,125) 54 
(115,114) 54 
(121,323) 101 
(122,124) 186 
(123,122) 186 
(124,528) 122 
(125,397) 48 
(148,353) 330 
(153,293) 35 
(157,158) 2 
(157,377) 136 
(158,157) 31 
(158,521) 2 
(170,534) 26 
(173,321) 5 
(174,175) 50 
(175,174) 40 
(176,347) 233 
(183,348) 6 
(230,152) 113 
(235,434) 24 
(236,465) 20 
(237,517) 227 
(247,450) 91 
(253,494) 127 
(258,438) 252 
(278,230) 113 
(286,521) 29 
(293,393) 186 
(294,356) 1 
(300,301) 189 
(312,237) 227 
(313,386) 244 
(315,313) 170 
(319,318) 35 
(320,509) 277 
(321,320) 266 
(326,489) 8 
(327,293) 126 
(327,319) 34 
(329,235) 24 
(329,296) 53 
(332,449) 3 
(333,332) 226 
(334,182) 310 
(349,170) 26 
(350,545) 38 
(352,378) 282 
(353,385) 243 
(353,529) 134 
(355,541) 4 
(356,294) 84 
(358,247) 149 
(359,493) 225 
(360,446) 258 
(362,330) 17 
(363,463) 1 
(370,300) 189 
(378,486) 282 
(382,549) 115 
(385,333) 243 
(389,433) 1 
(391,120) 82 
(392,121) 225 
(393,305) 186 
(396,447) 7 
(397,360) 48 
(410,404) 127 
(414,157) 22 
(415,396) 7 
(417,325) 282 
(420,324) 260 
(423,349) 9 
(423,357) 204 
(424,357) 72 
(424,541) 8 
(432,151) 221 
(434,532) 24 
(438,401) 252 
(439,402) 277 
(441,324) 328 
(445,258) 20 
(446,359) 258 
(450,321) 91 
(451,329) 86 
(454,277) 8 
(461,415) 7 
(462,451) 86 
(463,506) 1 
(464,295) 32 
(465,414) 22 
(466,356) 25 
(467,356) 9 
(470,280) 270 
(472,390) 127 
(473,346) 270 
(484,148) 332 
(486,417) 282 
(493,392) 225 
(496,353) 61 
(497,345) 111 
(506,389) 1 
(509,419) 277 
(510,420) 260 
(512,421) 192 
(513,171) 249 
(521,158) 31 
(524,258) 1 
(524,526) 11 
(526,524) 2 
(527,484) 332 
(528,445) 20 
(529,334) 315 
(532,311) 39 
(536,546) 110 
(538,347) 9 
(540,347) 115 
(541,355) 8 
(541,424) 4 
(544,350) 29 
(546,534) 3 
(546,535) 136 
(547,546) 13 
(547,548) 2 
(549,540) 115 
