(114,125) 44 
(115,114) 45 
(121,323) 75 
(122,124) 56 
(123,122) 56 
(124,528) 51 
(125,397) 32 
(148,353) 269 
(153,293) 3 
(157,377) 120 
(170,534) 2 
(174,175) 34 
(175,174) 39 
(176,347) 226 
(183,348) 3 
(230,152) 71 
(236,465) 5 
(237,517) 202 
(247,450) 94 
(258,438) 240 
(278,230) 71 
(293,393) 55 
(300,301) 130 
(312,237) 202 
(313,386) 209 
(315,313) 142 
(319,318) 4 
(320,509) 217 
(321,320) 21 
(327,293) 19 
(329,296) 7 
(332,449) 16 
(334,182) 271 
(349,170) 2 
(352,378) 184 
(353,385) 5 
(353,529) 108 
(356,294) 66 
(358,247) 64 
(359,493) 212 
(360,446) 132 
(362,330) 10 
(370,300) 130 
(378,486) 232 
(382,549) 63 
(385,333) 5 
(391,120) 3 
(392,121) 212 
(393,305) 54 
(397,360) 32 
(414,157) 21 
(417,325) 221 
(420,324) 250 
(423,357) 55 
(424,541) 1 
(432,151) 15 
(438,401) 240 
(439,402) 266 
(441,324) 281 
(446,359) 131 
(450,321) 94 
(454,277) 11 
(462,451) 41 
(464,295) 13 
(465,414) 17 
(466,356) 20 
(470,280) 242 
(473,346) 171 
(486,417) 221 
(493,392) 212 
(497,345) 104 
(509,419) 266 
(510,420) 250 
(512,421) 169 
(513,171) 212 
(527,484) 317 
(528,445) 8 
(529,334) 280 
(532,311) 4 
(538,347) 2 
(540,347) 63 
(541,355) 1 
(547,548) 1 
(549,540) 63 
