(114,125) 34 
(115,114) 29 
(121,323) 78 
(122,124) 48 
(123,122) 46 
(124,528) 45 
(125,397) 11 
(148,353) 276 
(157,377) 121 
(170,534) 6 
(174,175) 25 
(175,174) 39 
(176,347) 221 
(183,348) 5 
(230,152) 70 
(236,465) 7 
(237,517) 195 
(247,450) 93 
(258,438) 241 
(278,230) 70 
(293,393) 43 
(300,301) 124 
(303,331) 1 
(312,237) 195 
(313,386) 199 
(315,313) 137 
(319,318) 2 
(320,509) 230 
(321,320) 19 
(327,293) 26 
(329,296) 8 
(332,449) 8 
(334,182) 270 
(349,170) 6 
(352,378) 224 
(353,529) 109 
(355,539) 1 
(356,294) 68 
(358,247) 61 
(359,493) 213 
(360,446) 110 
(362,330) 3 
(363,463) 2 
(370,300) 124 
(378,486) 242 
(382,549) 62 
(389,433) 2 
(391,120) 1 
(392,121) 213 
(393,305) 43 
(397,360) 10 
(414,157) 25 
(417,325) 234 
(420,324) 250 
(423,357) 41 
(424,541) 1 
(432,151) 6 
(438,401) 241 
(439,402) 267 
(441,324) 282 
(446,359) 113 
(450,321) 93 
(454,277) 14 
(462,451) 19 
(463,506) 2 
(464,295) 15 
(465,414) 21 
(466,356) 17 
(470,280) 257 
(473,346) 188 
(486,417) 234 
(493,392) 213 
(497,345) 98 
(506,389) 2 
(509,419) 267 
(510,420) 250 
(512,421) 172 
(513,171) 188 
(527,484) 306 
(528,445) 9 
(529,334) 290 
(532,311) 2 
(536,546) 1 
(538,347) 1 
(539,294) 1 
(540,347) 62 
(541,355) 1 
(546,535) 2 
(547,546) 1 
(547,548) 2 
(548,547) 1 
(549,540) 62 
