(114,125) 39 
(115,114) 38 
(121,323) 101 
(122,124) 55 
(123,122) 46 
(124,528) 41 
(125,397) 29 
(148,353) 223 
(153,293) 1 
(157,377) 109 
(174,175) 7 
(175,174) 30 
(176,347) 199 
(183,348) 10 
(230,152) 30 
(236,465) 4 
(237,517) 166 
(247,450) 150 
(258,438) 225 
(278,230) 30 
(293,393) 45 
(300,301) 111 
(312,237) 166 
(313,386) 178 
(315,313) 149 
(319,318) 1 
(320,509) 228 
(321,320) 39 
(327,293) 28 
(329,296) 5 
(332,449) 12 
(334,182) 239 
(352,378) 162 
(353,529) 49 
(356,294) 30 
(358,247) 84 
(359,493) 190 
(360,446) 150 
(362,330) 2 
(363,463) 1 
(370,300) 111 
(378,486) 204 
(382,549) 24 
(389,433) 1 
(391,120) 2 
(392,121) 190 
(393,305) 46 
(397,360) 29 
(414,157) 25 
(417,325) 179 
(420,324) 232 
(423,357) 87 
(432,151) 56 
(438,401) 225 
(439,402) 237 
(441,324) 259 
(446,359) 150 
(450,321) 150 
(454,277) 21 
(461,415) 3 
(462,451) 33 
(463,506) 1 
(464,295) 3 
(465,414) 21 
(466,356) 1 
(470,280) 206 
(473,346) 168 
(486,417) 179 
(493,392) 179 
(497,345) 109 
(506,389) 1 
(509,419) 237 
(510,420) 232 
(512,421) 92 
(513,171) 178 
(527,484) 258 
(528,445) 10 
(529,334) 235 
(532,311) 1 
(538,347) 6 
(540,347) 24 
(549,540) 24 
