(114,125) 57 
(115,114) 57 
(121,323) 111 
(122,124) 183 
(123,122) 183 
(124,528) 124 
(125,397) 49 
(148,353) 334 
(153,293) 38 
(153,317) 1 
(157,158) 2 
(157,377) 135 
(158,157) 36 
(158,521) 2 
(170,534) 37 
(173,321) 3 
(174,175) 48 
(175,174) 35 
(176,347) 234 
(183,348) 6 
(230,152) 123 
(235,434) 19 
(236,465) 15 
(237,517) 223 
(247,450) 101 
(253,494) 131 
(258,438) 252 
(278,230) 123 
(286,521) 34 
(293,393) 183 
(294,356) 1 
(294,542) 1 
(300,301) 191 
(303,331) 1 
(312,237) 223 
(313,386) 241 
(315,313) 172 
(319,318) 38 
(320,509) 278 
(321,320) 269 
(326,489) 11 
(327,293) 130 
(327,319) 31 
(329,235) 19 
(329,296) 57 
(330,362) 2 
(332,449) 7 
(333,332) 227 
(334,182) 314 
(349,170) 37 
(350,545) 25 
(352,378) 281 
(353,385) 242 
(353,529) 134 
(355,539) 1 
(355,541) 7 
(356,294) 85 
(358,247) 145 
(359,493) 224 
(360,446) 261 
(362,330) 17 
(363,463) 6 
(370,300) 191 
(378,486) 281 
(382,549) 114 
(385,333) 242 
(389,433) 6 
(391,120) 73 
(392,121) 224 
(393,305) 183 
(396,447) 5 
(397,360) 49 
(410,404) 131 
(414,157) 18 
(415,396) 5 
(417,325) 281 
(420,324) 264 
(423,349) 6 
(423,357) 207 
(424,357) 76 
(424,541) 6 
(432,151) 213 
(434,532) 19 
(438,401) 252 
(439,402) 278 
(441,324) 311 
(445,258) 20 
(446,359) 261 
(450,321) 101 
(451,329) 95 
(454,277) 11 
(460,435) 1 
(461,415) 5 
(462,451) 95 
(463,506) 6 
(464,295) 32 
(465,414) 18 
(466,356) 28 
(467,356) 7 
(470,280) 264 
(472,390) 131 
(473,346) 268 
(484,148) 335 
(486,417) 281 
(493,392) 224 
(496,353) 64 
(497,345) 124 
(506,389) 6 
(509,419) 278 
(510,420) 264 
(512,421) 183 
(513,171) 257 
(521,158) 36 
(524,258) 3 
(524,526) 6 
(525,524) 1 
(526,524) 4 
(527,484) 335 
(528,445) 20 
(529,334) 318 
(532,311) 41 
(536,546) 88 
(538,347) 9 
(539,294) 1 
(540,347) 114 
(541,355) 6 
(541,424) 7 
(542,550) 1 
(543,348) 1 
(544,350) 17 
(546,534) 5 
(546,535) 126 
(547,546) 19 
(547,548) 1 
(548,547) 5 
(549,540) 114 
(550,543) 1 
