(114,125) 34 
(115,114) 34 
(121,323) 108 
(122,124) 50 
(123,122) 49 
(124,528) 40 
(125,397) 16 
(148,353) 203 
(153,293) 1 
(157,377) 105 
(170,534) 2 
(174,175) 7 
(175,174) 31 
(176,347) 196 
(183,348) 8 
(230,152) 29 
(236,465) 4 
(237,517) 165 
(247,450) 151 
(258,438) 226 
(278,230) 29 
(293,393) 48 
(300,301) 148 
(312,237) 165 
(313,386) 178 
(315,313) 144 
(319,318) 1 
(320,509) 223 
(321,320) 29 
(327,293) 19 
(329,296) 3 
(332,449) 15 
(334,182) 238 
(349,170) 2 
(352,378) 169 
(353,529) 47 
(356,294) 31 
(358,247) 80 
(359,358) 1 
(359,493) 198 
(360,446) 130 
(362,330) 4 
(363,463) 2 
(370,300) 148 
(378,486) 211 
(382,549) 23 
(389,433) 2 
(391,120) 4 
(392,121) 198 
(393,305) 47 
(397,360) 16 
(414,157) 19 
(417,325) 184 
(420,324) 232 
(423,357) 87 
(432,151) 79 
(438,401) 226 
(439,402) 232 
(441,324) 259 
(446,359) 133 
(450,321) 151 
(451,329) 1 
(454,277) 28 
(461,415) 2 
(462,451) 27 
(463,506) 2 
(464,295) 3 
(465,414) 19 
(470,280) 194 
(473,346) 203 
(486,417) 184 
(493,392) 191 
(497,345) 113 
(506,389) 2 
(509,419) 232 
(510,420) 232 
(512,421) 79 
(513,171) 172 
(527,484) 259 
(528,445) 19 
(529,334) 212 
(532,311) 2 
(538,347) 7 
(540,347) 23 
(547,548) 1 
(549,540) 23 
