(114,125) 33 
(115,114) 31 
(121,323) 68 
(122,124) 35 
(123,122) 34 
(124,528) 34 
(125,397) 20 
(148,353) 221 
(153,293) 2 
(157,377) 87 
(170,534) 4 
(174,175) 10 
(175,174) 49 
(176,347) 186 
(183,348) 3 
(230,152) 41 
(236,465) 3 
(237,517) 179 
(247,450) 112 
(258,438) 224 
(278,230) 41 
(293,393) 35 
(300,301) 116 
(312,237) 180 
(313,386) 189 
(315,313) 159 
(319,318) 2 
(320,509) 213 
(321,320) 27 
(327,293) 21 
(329,296) 3 
(332,449) 19 
(334,182) 242 
(349,170) 4 
(352,378) 174 
(353,529) 83 
(356,294) 49 
(358,247) 36 
(359,493) 182 
(360,446) 73 
(362,330) 11 
(363,463) 3 
(370,300) 116 
(378,486) 203 
(382,549) 37 
(389,433) 3 
(391,120) 5 
(392,121) 182 
(393,305) 35 
(397,360) 20 
(414,157) 21 
(417,325) 190 
(420,324) 233 
(423,349) 1 
(423,357) 62 
(432,151) 9 
(438,401) 224 
(439,402) 255 
(441,324) 269 
(446,359) 84 
(450,321) 112 
(454,277) 23 
(462,451) 32 
(463,506) 3 
(464,295) 4 
(465,414) 17 
(466,356) 1 
(467,356) 1 
(470,280) 227 
(473,346) 131 
(486,417) 190 
(493,392) 182 
(497,345) 85 
(506,389) 3 
(509,419) 255 
(510,420) 233 
(512,421) 133 
(513,171) 145 
(527,484) 250 
(528,445) 15 
(529,334) 240 
(532,311) 3 
(540,347) 37 
(547,548) 2 
(549,540) 37 
