(114,125) 38 
(115,114) 39 
(121,323) 69 
(122,124) 36 
(123,122) 36 
(124,528) 36 
(125,397) 16 
(148,353) 219 
(153,293) 2 
(157,377) 91 
(174,175) 15 
(175,174) 42 
(176,347) 182 
(183,348) 3 
(230,152) 43 
(236,465) 2 
(237,517) 178 
(247,450) 115 
(258,438) 227 
(278,230) 43 
(293,393) 37 
(300,301) 118 
(312,237) 178 
(313,386) 185 
(315,313) 150 
(319,318) 2 
(320,509) 220 
(321,320) 26 
(327,293) 22 
(329,296) 6 
(332,449) 14 
(334,182) 247 
(352,378) 177 
(353,529) 82 
(356,294) 46 
(358,247) 44 
(359,493) 173 
(360,446) 70 
(362,330) 4 
(363,463) 5 
(370,300) 118 
(378,486) 205 
(382,549) 37 
(389,433) 5 
(391,120) 3 
(392,121) 172 
(393,305) 37 
(397,360) 16 
(414,157) 14 
(417,325) 195 
(420,324) 224 
(423,357) 61 
(432,151) 13 
(438,401) 227 
(439,402) 256 
(441,324) 269 
(446,359) 77 
(450,321) 114 
(454,277) 21 
(462,451) 20 
(463,506) 5 
(464,295) 6 
(465,414) 11 
(466,356) 1 
(470,280) 229 
(473,346) 124 
(486,417) 195 
(493,392) 172 
(497,345) 70 
(506,389) 5 
(509,419) 256 
(510,420) 224 
(512,421) 135 
(513,171) 138 
(527,484) 237 
(528,445) 8 
(529,334) 242 
(532,311) 5 
(538,347) 1 
(540,347) 37 
(547,548) 1 
(549,540) 37 
