(114,125) 57 
(115,114) 57 
(121,323) 107 
(122,124) 178 
(123,122) 178 
(124,528) 123 
(125,397) 51 
(148,353) 328 
(153,293) 36 
(153,317) 1 
(157,158) 2 
(157,377) 133 
(158,157) 37 
(158,521) 2 
(170,534) 31 
(173,321) 6 
(174,175) 47 
(175,174) 38 
(176,347) 237 
(183,348) 7 
(230,152) 117 
(235,434) 24 
(236,465) 15 
(237,517) 226 
(247,450) 110 
(253,494) 131 
(258,438) 246 
(278,230) 117 
(286,521) 35 
(293,393) 178 
(294,356) 1 
(300,301) 190 
(303,331) 2 
(312,237) 226 
(313,386) 244 
(315,313) 177 
(319,318) 36 
(320,509) 277 
(321,320) 266 
(326,489) 10 
(327,293) 128 
(327,319) 33 
(329,235) 24 
(329,296) 57 
(330,362) 1 
(332,449) 8 
(333,332) 229 
(334,182) 311 
(349,170) 31 
(350,545) 35 
(352,378) 284 
(353,385) 247 
(353,529) 127 
(355,541) 4 
(356,294) 87 
(358,247) 149 
(359,493) 224 
(360,446) 261 
(362,330) 15 
(363,463) 2 
(370,300) 190 
(378,486) 284 
(382,549) 108 
(385,333) 247 
(389,433) 2 
(391,120) 73 
(392,121) 224 
(393,305) 178 
(396,447) 5 
(397,360) 51 
(410,404) 131 
(414,157) 17 
(415,396) 5 
(417,325) 284 
(420,324) 262 
(423,349) 12 
(423,357) 202 
(424,357) 75 
(424,541) 6 
(432,151) 210 
(434,532) 24 
(438,401) 246 
(439,402) 277 
(441,324) 312 
(445,258) 19 
(446,359) 261 
(450,321) 110 
(451,329) 94 
(454,277) 10 
(460,435) 1 
(461,415) 5 
(462,451) 94 
(463,506) 2 
(464,295) 31 
(465,414) 17 
(466,356) 31 
(467,356) 7 
(470,280) 267 
(472,390) 131 
(473,346) 272 
(484,148) 335 
(486,417) 284 
(493,392) 224 
(496,353) 58 
(497,345) 133 
(506,389) 2 
(509,419) 277 
(510,420) 262 
(512,421) 177 
(513,171) 255 
(521,158) 37 
(524,258) 1 
(524,526) 6 
(525,524) 2 
(526,524) 1 
(527,484) 335 
(528,445) 19 
(529,334) 315 
(532,311) 40 
(536,546) 93 
(538,347) 9 
(540,347) 108 
(541,355) 6 
(541,424) 4 
(544,350) 27 
(546,534) 5 
(546,535) 121 
(547,546) 14 
(547,548) 3 
(548,547) 9 
(549,540) 108 
