(114,125) 34 
(115,114) 34 
(121,323) 120 
(122,124) 57 
(123,122) 53 
(124,528) 46 
(125,397) 14 
(148,353) 186 
(153,293) 2 
(157,377) 108 
(174,175) 6 
(175,174) 29 
(176,347) 194 
(183,348) 9 
(230,152) 33 
(236,465) 6 
(237,517) 166 
(247,450) 151 
(258,438) 219 
(278,230) 33 
(293,393) 53 
(300,301) 134 
(312,237) 166 
(313,386) 178 
(315,313) 143 
(319,318) 2 
(320,509) 233 
(321,320) 22 
(327,293) 20 
(329,296) 4 
(332,449) 12 
(333,332) 1 
(334,182) 236 
(352,378) 172 
(353,385) 1 
(353,529) 48 
(356,294) 29 
(358,247) 93 
(359,493) 193 
(360,446) 135 
(362,330) 5 
(370,300) 134 
(378,486) 206 
(382,549) 23 
(385,333) 1 
(391,120) 2 
(392,121) 193 
(393,305) 53 
(397,360) 11 
(414,157) 29 
(415,396) 1 
(417,325) 185 
(420,324) 230 
(423,357) 94 
(424,541) 1 
(432,151) 76 
(438,401) 219 
(439,402) 241 
(441,324) 260 
(446,359) 132 
(450,321) 151 
(454,277) 19 
(461,415) 4 
(462,451) 33 
(464,295) 1 
(465,414) 26 
(470,280) 198 
(473,346) 189 
(486,417) 185 
(493,392) 190 
(497,345) 96 
(509,419) 241 
(510,420) 230 
(512,421) 86 
(513,171) 180 
(527,484) 240 
(528,445) 14 
(529,334) 213 
(532,311) 3 
(538,347) 5 
(540,347) 23 
(541,355) 1 
(549,540) 23 
