(114,125) 31 
(115,114) 31 
(121,323) 112 
(122,124) 73 
(123,122) 73 
(124,528) 50 
(125,397) 23 
(148,353) 218 
(153,293) 2 
(157,377) 108 
(158,157) 1 
(174,175) 5 
(175,174) 34 
(176,347) 195 
(183,348) 11 
(230,152) 29 
(236,465) 4 
(237,517) 181 
(247,450) 143 
(258,438) 214 
(278,230) 29 
(286,521) 1 
(293,393) 73 
(300,301) 149 
(312,237) 181 
(313,386) 193 
(315,313) 157 
(319,318) 3 
(320,509) 231 
(321,320) 13 
(327,293) 24 
(329,296) 1 
(332,449) 21 
(334,182) 247 
(352,378) 173 
(353,529) 56 
(355,539) 1 
(356,294) 35 
(358,247) 97 
(359,493) 197 
(360,446) 156 
(362,330) 4 
(370,300) 149 
(378,486) 211 
(382,549) 25 
(391,120) 4 
(392,121) 197 
(393,305) 73 
(397,360) 23 
(414,157) 19 
(415,396) 1 
(417,325) 185 
(420,324) 231 
(423,357) 98 
(424,541) 2 
(432,151) 83 
(438,401) 214 
(439,402) 239 
(441,324) 258 
(446,359) 155 
(450,321) 143 
(454,277) 26 
(461,415) 4 
(462,451) 24 
(464,295) 1 
(465,414) 19 
(470,280) 194 
(473,346) 188 
(486,417) 185 
(493,392) 196 
(497,345) 104 
(509,419) 239 
(510,420) 231 
(512,421) 84 
(513,171) 184 
(521,158) 1 
(527,484) 259 
(528,445) 16 
(529,334) 220 
(532,311) 2 
(538,347) 8 
(539,294) 1 
(540,347) 25 
(541,355) 2 
(547,548) 1 
(549,540) 25 
