(114,125) 54 
(115,114) 54 
(121,323) 103 
(122,124) 178 
(123,122) 178 
(124,528) 123 
(125,397) 48 
(148,353) 330 
(153,293) 37 
(157,158) 2 
(157,377) 132 
(158,157) 35 
(158,521) 2 
(170,534) 34 
(173,321) 2 
(174,175) 55 
(175,174) 34 
(176,347) 237 
(183,348) 6 
(230,152) 122 
(235,434) 20 
(236,465) 14 
(237,517) 223 
(247,450) 98 
(253,494) 130 
(258,438) 250 
(278,230) 122 
(286,521) 33 
(291,290) 1 
(293,393) 178 
(294,356) 3 
(294,542) 1 
(300,301) 191 
(303,331) 1 
(312,237) 223 
(313,386) 241 
(315,313) 178 
(319,318) 37 
(320,509) 279 
(321,320) 267 
(326,489) 15 
(327,293) 122 
(327,319) 33 
(329,235) 20 
(329,296) 53 
(330,362) 2 
(332,449) 30 
(333,332) 227 
(334,182) 307 
(349,170) 34 
(350,545) 32 
(352,378) 283 
(353,385) 247 
(353,529) 144 
(355,541) 2 
(356,294) 77 
(358,247) 141 
(359,493) 224 
(360,446) 260 
(362,330) 18 
(363,463) 3 
(370,300) 191 
(378,486) 283 
(382,549) 121 
(385,333) 247 
(389,433) 3 
(391,120) 78 
(392,121) 224 
(393,305) 178 
(396,447) 3 
(397,360) 48 
(410,404) 130 
(414,157) 17 
(415,396) 3 
(417,325) 283 
(420,324) 266 
(423,349) 14 
(423,357) 215 
(424,357) 59 
(424,541) 7 
(432,151) 211 
(434,532) 20 
(438,401) 250 
(439,402) 279 
(441,324) 314 
(445,258) 13 
(446,359) 260 
(450,321) 98 
(451,329) 85 
(454,277) 15 
(460,435) 2 
(461,415) 3 
(462,451) 85 
(463,506) 3 
(464,295) 22 
(465,414) 17 
(466,356) 35 
(467,356) 8 
(470,280) 236 
(472,390) 130 
(473,346) 269 
(484,148) 333 
(486,417) 283 
(493,392) 224 
(496,353) 78 
(497,345) 129 
(506,389) 3 
(509,419) 279 
(510,420) 266 
(512,421) 190 
(513,171) 257 
(521,158) 35 
(524,258) 2 
(524,526) 6 
(526,524) 3 
(527,484) 333 
(528,445) 13 
(529,334) 314 
(532,311) 36 
(536,546) 106 
(538,347) 10 
(540,347) 121 
(541,355) 7 
(541,424) 2 
(542,550) 1 
(543,348) 1 
(544,350) 16 
(546,534) 5 
(546,535) 134 
(547,546) 13 
(547,548) 1 
(548,547) 2 
(549,540) 121 
(550,543) 1 
