(114,125) 56 
(115,114) 56 
(121,323) 100 
(122,124) 185 
(123,122) 185 
(124,528) 129 
(125,397) 51 
(148,353) 331 
(153,293) 33 
(157,377) 130 
(158,157) 33 
(170,534) 33 
(173,321) 6 
(174,175) 48 
(175,174) 40 
(176,347) 236 
(183,348) 6 
(230,152) 110 
(235,434) 20 
(236,465) 11 
(237,517) 226 
(247,450) 100 
(253,494) 138 
(258,438) 247 
(278,230) 110 
(286,521) 33 
(291,290) 1 
(293,393) 185 
(294,356) 3 
(294,542) 1 
(300,301) 193 
(303,331) 2 
(312,237) 226 
(313,386) 243 
(315,313) 176 
(319,318) 33 
(320,509) 276 
(321,173) 1 
(321,320) 265 
(326,489) 12 
(327,293) 136 
(327,319) 29 
(329,235) 20 
(329,296) 55 
(330,362) 2 
(332,449) 9 
(333,332) 228 
(334,182) 312 
(349,170) 33 
(350,545) 27 
(352,378) 284 
(353,385) 249 
(353,529) 124 
(355,541) 4 
(356,294) 88 
(358,247) 142 
(359,493) 222 
(360,446) 263 
(362,330) 15 
(363,463) 5 
(370,300) 193 
(378,486) 284 
(382,549) 114 
(385,333) 249 
(389,433) 5 
(391,120) 77 
(392,121) 222 
(393,305) 185 
(396,447) 3 
(397,360) 51 
(410,404) 138 
(414,157) 18 
(415,396) 3 
(417,325) 284 
(420,324) 262 
(423,349) 7 
(423,357) 205 
(424,357) 71 
(424,541) 4 
(432,151) 222 
(434,532) 20 
(438,401) 247 
(439,402) 276 
(441,324) 328 
(445,258) 15 
(446,359) 263 
(450,321) 100 
(451,329) 83 
(454,277) 12 
(460,435) 1 
(461,415) 3 
(462,451) 83 
(463,506) 5 
(464,295) 25 
(465,414) 18 
(466,356) 27 
(467,356) 6 
(470,280) 265 
(472,390) 138 
(473,346) 272 
(484,148) 335 
(486,417) 284 
(493,392) 222 
(496,353) 61 
(497,345) 128 
(506,389) 5 
(509,419) 276 
(510,420) 262 
(512,421) 185 
(513,171) 257 
(521,158) 33 
(524,258) 2 
(524,526) 6 
(526,524) 2 
(527,484) 335 
(528,445) 15 
(529,334) 318 
(532,311) 36 
(536,546) 98 
(538,347) 8 
(540,347) 114 
(541,355) 4 
(541,424) 4 
(542,550) 1 
(543,348) 1 
(544,350) 22 
(546,534) 5 
(546,535) 133 
(547,546) 18 
(547,548) 3 
(548,547) 5 
(549,540) 114 
(550,543) 1 
