(114,125) 51 
(115,114) 51 
(121,323) 100 
(122,124) 190 
(123,122) 190 
(124,528) 123 
(125,397) 47 
(146,225) 1 
(148,353) 331 
(153,293) 28 
(153,317) 1 
(157,158) 1 
(157,377) 141 
(158,157) 33 
(158,521) 1 
(170,534) 36 
(173,321) 7 
(174,175) 48 
(175,174) 39 
(176,347) 238 
(183,348) 6 
(225,400) 1 
(230,152) 111 
(235,434) 26 
(236,465) 18 
(237,517) 227 
(247,450) 94 
(253,494) 128 
(258,438) 253 
(269,376) 1 
(270,269) 1 
(278,230) 111 
(286,521) 32 
(291,290) 1 
(293,393) 190 
(294,356) 2 
(300,301) 187 
(303,331) 1 
(312,237) 227 
(313,386) 245 
(315,313) 169 
(319,318) 28 
(320,509) 278 
(321,320) 268 
(326,489) 20 
(327,293) 142 
(327,319) 24 
(329,235) 26 
(329,296) 52 
(330,362) 2 
(332,449) 15 
(333,332) 228 
(334,182) 310 
(335,498) 1 
(344,426) 1 
(349,170) 36 
(350,545) 28 
(352,130) 1 
(352,378) 281 
(353,385) 245 
(353,529) 133 
(355,541) 9 
(356,294) 95 
(358,247) 153 
(359,493) 222 
(360,446) 261 
(362,330) 19 
(363,463) 3 
(370,300) 187 
(376,335) 1 
(378,486) 281 
(382,549) 115 
(385,333) 245 
(389,433) 3 
(391,120) 78 
(392,121) 222 
(393,305) 190 
(396,447) 6 
(397,360) 47 
(410,404) 128 
(414,157) 22 
(415,396) 6 
(417,325) 281 
(420,324) 256 
(423,349) 13 
(423,357) 197 
(424,357) 76 
(424,541) 5 
(432,151) 221 
(434,532) 26 
(438,401) 253 
(439,402) 278 
(441,324) 314 
(445,258) 24 
(446,359) 261 
(450,321) 94 
(451,329) 80 
(454,277) 20 
(460,435) 1 
(461,415) 6 
(462,451) 80 
(463,506) 3 
(464,295) 29 
(465,414) 22 
(466,356) 29 
(467,356) 11 
(470,280) 251 
(472,390) 128 
(473,346) 273 
(484,148) 332 
(486,417) 281 
(493,392) 222 
(496,353) 65 
(497,345) 117 
(498,146) 1 
(506,389) 3 
(509,419) 278 
(510,420) 256 
(512,421) 186 
(513,171) 257 
(521,158) 33 
(524,258) 4 
(524,526) 14 
(526,524) 5 
(527,484) 332 
(528,445) 24 
(529,334) 318 
(532,311) 38 
(536,546) 105 
(538,347) 9 
(540,347) 115 
(541,355) 5 
(541,424) 9 
(544,350) 22 
(546,534) 7 
(546,535) 133 
(546,547) 1 
(547,546) 15 
(547,548) 3 
(549,540) 115 
