(114,125) 49 
(115,114) 49 
(121,323) 107 
(122,124) 183 
(123,122) 183 
(124,528) 126 
(125,397) 47 
(148,353) 331 
(153,293) 38 
(157,158) 1 
(157,377) 136 
(158,157) 35 
(158,521) 1 
(170,534) 49 
(173,321) 3 
(174,175) 60 
(175,174) 38 
(176,347) 236 
(183,348) 7 
(218,366) 1 
(230,152) 121 
(235,434) 23 
(236,465) 16 
(237,517) 227 
(247,450) 96 
(253,494) 132 
(258,438) 248 
(269,376) 1 
(270,269) 1 
(278,230) 121 
(286,521) 34 
(291,290) 1 
(293,393) 183 
(294,356) 2 
(294,542) 1 
(300,301) 197 
(303,331) 2 
(312,237) 227 
(313,386) 245 
(315,313) 177 
(319,318) 38 
(320,509) 279 
(321,320) 269 
(326,489) 8 
(327,293) 139 
(327,319) 36 
(329,235) 23 
(329,296) 64 
(330,362) 1 
(332,449) 37 
(333,332) 223 
(334,182) 302 
(335,218) 1 
(336,367) 1 
(349,170) 49 
(350,545) 26 
(352,378) 283 
(353,385) 240 
(353,529) 150 
(355,541) 2 
(356,294) 89 
(358,247) 146 
(359,493) 233 
(360,446) 261 
(362,330) 20 
(363,463) 3 
(370,300) 197 
(376,335) 1 
(378,486) 283 
(382,549) 123 
(385,333) 240 
(389,433) 3 
(391,120) 80 
(392,121) 233 
(393,305) 183 
(396,447) 4 
(397,360) 47 
(410,404) 132 
(414,157) 16 
(415,396) 4 
(417,325) 283 
(420,324) 263 
(423,349) 12 
(423,357) 213 
(424,357) 68 
(424,541) 9 
(432,151) 211 
(434,532) 23 
(438,401) 248 
(439,402) 279 
(441,324) 311 
(445,258) 11 
(446,359) 261 
(450,321) 96 
(451,329) 96 
(454,277) 8 
(460,435) 1 
(461,415) 4 
(462,451) 96 
(463,506) 3 
(464,295) 18 
(465,414) 16 
(466,356) 32 
(467,356) 6 
(470,280) 238 
(472,390) 132 
(473,346) 268 
(484,148) 330 
(486,417) 283 
(493,392) 233 
(496,353) 79 
(497,345) 121 
(506,389) 3 
(509,419) 279 
(510,420) 263 
(512,421) 192 
(513,171) 259 
(521,158) 35 
(524,258) 1 
(524,526) 3 
(526,524) 2 
(527,484) 330 
(528,445) 11 
(529,334) 324 
(532,311) 38 
(536,546) 105 
(538,347) 10 
(540,347) 123 
(541,355) 9 
(541,424) 2 
(542,550) 1 
(543,348) 1 
(544,350) 18 
(546,534) 2 
(546,535) 133 
(547,546) 6 
(548,547) 4 
(549,540) 123 
(550,543) 1 
