(114,115) 31 
(114,125) 361 
(114,126) 268 
(115,114) 107 
(122,124) 11 
(123,122) 11 
(124,528) 11 
(125,114) 274 
(125,397) 358 
(126,114) 268 
(131,132) 141 
(132,131) 141 
(148,353) 390 
(151,473) 1 
(152,432) 306 
(153,293) 2 
(157,377) 358 
(168,169) 9 
(169,168) 9 
(170,534) 341 
(171,125) 331 
(172,510) 13 
(174,175) 88 
(175,174) 48 
(175,382) 45 
(176,347) 244 
(183,348) 195 
(230,152) 350 
(237,517) 198 
(239,242) 1 
(239,461) 317 
(240,241) 27 
(241,240) 27 
(242,239) 5 
(242,243) 1 
(243,242) 177 
(247,450) 361 
(258,438) 113 
(278,230) 349 
(293,393) 11 
(294,356) 69 
(294,541) 95 
(295,464) 8 
(298,299) 171 
(299,370) 171 
(300,301) 189 
(303,331) 94 
(306,359) 1 
(312,237) 198 
(313,386) 198 
(314,508) 18 
(315,313) 198 
(317,153) 2 
(318,314) 2 
(319,318) 2 
(320,509) 364 
(321,320) 361 
(326,489) 128 
(327,293) 11 
(329,296) 227 
(331,303) 15 
(331,536) 31 
(332,449) 364 
(333,332) 364 
(334,182) 390 
(347,527) 309 
(348,183) 183 
(348,331) 157 
(348,537) 2 
(349,170) 187 
(350,544) 5 
(351,140) 10 
(351,422) 2 
(352,130) 31 
(352,469) 170 
(353,385) 364 
(353,529) 390 
(355,538) 81 
(356,294) 156 
(357,331) 1 
(357,424) 2 
(357,546) 36 
(358,247) 358 
(359,306) 157 
(359,358) 1 
(359,493) 358 
(360,446) 358 
(363,463) 3 
(370,300) 189 
(371,298) 168 
(377,358) 157 
(378,352) 12 
(379,352) 361 
(382,548) 106 
(385,333) 364 
(388,490) 381 
(389,433) 29 
(391,120) 358 
(392,121) 358 
(393,305) 11 
(396,447) 158 
(397,360) 357 
(405,520) 373 
(406,471) 11 
(414,157) 355 
(416,470) 8 
(417,325) 8 
(420,324) 358 
(421,452) 162 
(422,351) 2 
(423,349) 157 
(423,357) 72 
(424,540) 141 
(431,148) 351 
(432,151) 306 
(438,401) 113 
(439,402) 364 
(441,324) 371 
(446,359) 358 
(447,396) 158 
(449,180) 364 
(450,321) 361 
(451,329) 226 
(452,379) 369 
(453,416) 8 
(454,277) 381 
(461,239) 11 
(461,415) 355 
(462,451) 229 
(463,506) 29 
(464,295) 2 
(466,356) 32 
(469,459) 8 
(470,280) 377 
(471,249) 11 
(473,346) 364 
(483,388) 381 
(486,417) 8 
(489,454) 10 
(490,332) 386 
(493,392) 358 
(496,353) 364 
(499,406) 11 
(506,389) 29 
(508,316) 2 
(509,419) 364 
(510,420) 358 
(525,524) 328 
(527,152) 192 
(527,484) 390 
(528,445) 21 
(529,334) 390 
(532,311) 29 
(534,545) 91 
(536,547) 2 
(538,294) 81 
(539,347) 106 
(540,355) 141 
(541,549) 95 
(542,348) 22 
(545,535) 166 
(546,357) 38 
(546,545) 7 
(547,546) 1 
(548,539) 106 
(549,542) 22 
