(114,115) 1 
(114,125) 228 
(121,323) 57 
(125,114) 188 
(125,397) 529 
(139,350) 4 
(148,353) 599 
(157,377) 59 
(170,534) 87 
(171,125) 494 
(174,175) 126 
(175,174) 11 
(175,382) 59 
(176,347) 396 
(230,152) 188 
(235,434) 4 
(236,465) 58 
(237,517) 7 
(239,461) 6 
(243,242) 6 
(247,450) 570 
(258,438) 123 
(278,230) 188 
(300,301) 191 
(303,331) 1 
(312,237) 7 
(313,386) 7 
(315,313) 7 
(320,509) 595 
(321,320) 570 
(329,235) 4 
(329,296) 123 
(331,357) 14 
(331,536) 38 
(333,332) 572 
(334,182) 574 
(347,527) 332 
(348,331) 209 
(349,170) 83 
(350,544) 4 
(353,385) 578 
(353,529) 226 
(356,294) 24 
(357,331) 4 
(357,423) 12 
(358,247) 570 
(359,358) 501 
(359,493) 59 
(360,446) 575 
(363,463) 1 
(370,300) 191 
(379,352) 589 
(382,175) 1 
(382,548) 171 
(385,333) 578 
(389,433) 1 
(391,120) 1 
(392,121) 59 
(396,447) 67 
(397,360) 527 
(414,157) 59 
(415,396) 67 
(420,324) 59 
(421,452) 589 
(423,349) 57 
(423,357) 347 
(432,151) 535 
(434,532) 4 
(438,401) 123 
(439,402) 595 
(441,324) 591 
(446,359) 575 
(450,321) 570 
(451,329) 143 
(452,379) 589 
(461,415) 67 
(462,451) 143 
(463,506) 1 
(464,295) 1 
(465,414) 59 
(466,356) 3 
(467,356) 2 
(473,346) 585 
(484,148) 598 
(493,392) 59 
(496,353) 214 
(497,345) 243 
(506,389) 1 
(509,419) 595 
(510,420) 59 
(527,484) 598 
(529,334) 593 
(532,311) 7 
(534,545) 91 
(539,347) 164 
(545,535) 117 
(548,539) 164 
