(114,115) 3 
(114,125) 205 
(121,323) 52 
(125,114) 177 
(125,397) 525 
(139,350) 3 
(148,353) 599 
(157,377) 53 
(170,534) 85 
(171,125) 492 
(174,175) 124 
(175,174) 8 
(175,382) 47 
(176,347) 388 
(230,152) 187 
(235,434) 4 
(236,465) 53 
(237,517) 8 
(239,461) 12 
(243,242) 12 
(247,450) 570 
(258,438) 122 
(278,230) 187 
(300,301) 191 
(312,237) 8 
(313,386) 8 
(315,313) 8 
(320,509) 593 
(321,320) 570 
(329,235) 4 
(329,296) 124 
(331,357) 5 
(331,536) 30 
(333,332) 572 
(334,182) 574 
(347,527) 331 
(348,331) 199 
(349,170) 80 
(350,544) 1 
(353,385) 579 
(353,529) 229 
(356,294) 20 
(357,331) 3 
(357,423) 17 
(358,247) 568 
(359,358) 502 
(359,493) 53 
(360,446) 575 
(363,463) 2 
(370,300) 191 
(379,352) 589 
(382,548) 179 
(385,333) 579 
(389,433) 2 
(391,120) 1 
(392,121) 53 
(396,447) 70 
(397,360) 516 
(414,157) 53 
(415,396) 70 
(420,324) 53 
(421,452) 589 
(423,349) 46 
(423,357) 366 
(432,151) 533 
(434,532) 4 
(438,401) 122 
(439,402) 593 
(441,324) 591 
(446,359) 575 
(450,321) 570 
(451,329) 144 
(452,379) 589 
(461,415) 70 
(462,451) 144 
(463,506) 2 
(464,295) 3 
(465,414) 53 
(466,356) 1 
(467,356) 2 
(473,346) 585 
(484,148) 598 
(493,392) 53 
(496,353) 218 
(497,345) 234 
(506,389) 2 
(509,419) 593 
(510,420) 53 
(527,484) 598 
(529,334) 593 
(532,311) 8 
(534,545) 90 
(539,347) 175 
(545,535) 92 
(546,547) 1 
(548,539) 175 
