2,359,0.16855221438717533,0,0
3,360,0.06065313958502435,0,0
3,361,0.09645129447375542,0,0
4,362,0.03829193775788014,0,0
4,363,0.21114961698457793,0,0
5,364,0.0810873928317776,0,0
5,365,0.025380005939698323,0,0
6,195,0.35370670995670994,0,0
6,366,0.09535660384537338,0,0
7,280,0.059591180710565475,0,0
7,367,0.016579789330949002,0,0
8,368,0.14626406715029763,0,0
8,369,0.15449296959550865,0,0
9,262,0.06749269691896645,0,0
9,370,0.03556114824303301,0,0
10,371,0.3081358225108225,0,0
11,372,0.19088689630681818,0,0
12,373,0.002002692119383709,0,0
12,374,0.03275351784446023,0,0
13,304,0.3117261904761905,0,0
13,375,0.030120400432900433,0,0
14,279,0.11151569052692101,0,0
15,113,0.02349025974025974,0,0
15,251,0.04984253458130412,0,0
16,376,0.14082710827583875,0,0
16,377,0.0024721049849605148,0,0
17,378,0.1067529719629329,0,0
17,379,0.007166829294972605,0,0
18,380,0.07671888739515692,0,0
18,381,0.06391639610389611,355,0
19,382,0.02938203357514881,0,0
19,383,0.023196942217938315,0,0
20,384,0.01781263475294237,0,0
20,385,0.056677489177489174,0,0
21,386,0.05075946758319805,0,0
22,327,0.2968722943722944,0,0
22,387,0.0033216990020884063,0,0
23,388,0.4202191558441558,0,0
24,389,0.32857142857142857,0,0
24,390,0.017938853342295724,0,0
25,182,0.19956494352002163,0,0
25,185,0.14871753246753247,0,0
25,186,0.12987554112554114,0,0
26,303,0.044067369601427216,0,0
26,391,0.006899377732049851,0,0
27,392,0.2854788961038961,0,0
28,275,0.1604913462188853,0,0
28,393,0.03865909196597673,0,0
29,394,0.23596185064935063,0,0
29,395,0.16650270140016235,0,0
30,229,0.09257007153003247,0,0
30,396,0.07944832145393668,0,0
31,397,0.32374188311688307,0,0
31,398,0.03127732578294102,0,0
32,399,0.09890394598890694,0,0
32,400,0.030163690476190476,0,0
33,201,0.12232196758319806,0,0
33,401,0.017073376147778003,0,0
34,402,0.1594788918763528,0,0
35,176,0.1854510365936147,0,0
35,403,0.06690611471861473,0,0
36,198,0.1798612097537879,0,0
36,200,0.18642423819669915,0,0
37,404,0.17697862765489716,0,0
37,405,0.25000325520833333,0,0
38,406,0.042420453488568724,0,0
38,407,0.1557867986505682,0,0
39,402,0.10914935487689395,0,0
39,408,0.03422375435436959,0,0
40,224,0.2010944264069264,0,0
40,288,0.2854816017316017,0,0
41,409,0.2846807359307359,0,0
42,410,0.04063473920285444,0,0
42,411,0.017337933164654356,0,0
43,412,0.03257575757575758,0,0
43,413,0.4246645021645022,0,0
44,414,0.05702949028510552,0,0
44,415,0.42810876623376626,0,0
45,163,0.2546593656994048,0,0
45,416,0.010209794477982953,0,0
46,417,0.015025784050747431,0,0
46,418,0.27102002164502165,0,0
47,419,0.011082305247649487,0,0
48,349,0.3322402597402598,0,0
48,420,0.07276731813108767,0,0
49,183,0.1611904761904762,0,0
49,301,0.13750865589488637,0,0
49,421,0.08010146103896104,0,0
49,422,0.006426271380800189,0,0
49,534,0.04447727484104437,0,0
50,294,0.026107764306006493,0,0
50,423,0.05699107248545725,0,0
51,424,0.004907548582399048,0,0
51,425,0.2658284716585498,0,0
52,426,0.3566396103896104,0,0
52,427,0.0007566206795828682,0,0
53,428,0.012893209085836039,0,0
54,429,0.019967992212865257,0,0
54,430,0.3746320346320346,0,0
55,431,0.0040766774627553435,0,0
55,432,0.007732061741155979,0,0
56,237,0.14125703885957794,0,0
56,433,0.04627488966112013,0,0
57,322,0.3977380952380952,0,0
57,434,0.12626298912675868,0,0
58,435,0.10987635492762446,0,0
59,436,0.006434063932080289,0,0
59,437,0.28403409090909093,0,0
60,367,0.3031168831168831,0,0
60,438,0.15756304323931275,0,0
61,129,0.4091044372294372,0,0
61,439,0.019725730202414773,0,0
62,440,0.06796509845948322,0,0
62,441,0.32597943722943723,0,0
63,442,0.3573701298701299,0,0
63,443,0.31301136363636367,0,0
64,444,0.03931195940290178,0,0
64,445,0.10431736801609849,0,0
65,446,0.007237148532619724,0,0
65,447,0.12327922077922077,0,0
66,319,0.1527156364143669,0,0
66,448,0.00818612036766944,0,0
67,449,0.08058117094494048,0,0
67,530,0.3939393939393939,0,0
68,419,0.3741720779220779,0,0
68,450,0.029681819238704003,0,0
69,451,0.318008658008658,0,0
69,452,0.1066523247260552,0,0
70,453,0.036002976718919104,0,0
70,454,0.022783036665482957,0,0
71,408,0.1676082251082251,0,0
71,455,0.012802353896103895,0,0
72,456,0.017744128735034496,0,0
72,457,0.019196888316761362,0,0
73,433,0.2444529136228355,0,0
73,458,0.006391098220627029,0,0
74,240,0.09501163631290584,0,0
74,459,0.06260308335869859,0,0
75,460,0.07043939499627977,0,0
75,461,0.1687551364650974,0,0
76,243,0.06033197840570888,0,0
76,462,0.3087932900432901,0,0
77,285,0.17538067970441018,0,0
77,463,0.07604301948051949,0,0
78,464,0.2989366883116883,0,0
78,465,0.0163843077292174,0,0
79,290,0.0041472133619960775,0,0
79,466,0.32688852813852814,0,0
80,467,0.36223214285714284,0,0
80,468,0.2979897186147186,0,0
81,469,0.296969696969697,0,0
81,470,0.20066585920589827,0,0
82,471,0.1619932338169643,0,0
83,472,0.06637175324675325,0,0
83,473,0.00472556803649638,0,0
84,281,0.4254220779220779,0,0
84,474,0.010618695676068723,0,0
85,475,0.08733089826839827,0,0
85,476,0.06410984848484848,0,0
86,477,0.21357954545454547,0,0
86,478,0.1903603980654762,0,0
87,434,0.10374160832656926,0,0
88,479,0.1476442120704816,0,0
88,480,0.33396103896103896,0,0
89,481,0.24372808018804112,0,0
89,482,0.13209604766977814,0,0
90,246,0.07452327051204005,0,0
90,483,0.0007803273717046299,0,0
91,468,0.3924485930735931,0,0
91,484,0.014768154920437633,0,0
92,485,0.3788798701298702,0,0
92,486,0.4075838744588745,0,0
93,487,0.2810822510822511,0,0
93,488,0.3036850649350649,0,0
94,489,0.005963257628601867,0,0
94,490,0.22361797382305193,0,0
95,390,0.3268398268398268,0,0
95,491,0.023823810263629598,0,0
96,492,0.1054935022659632,0,0
96,493,0.0447437791700487,0,0
97,494,0.025702163233901516,0,0
97,495,0.1783814850514069,0,0
98,218,0.04284713150618912,0,0
98,496,0.007674594235110592,0,0
99,408,0.24704247412743507,0,0
99,497,0.02730573645917884,0,0
100,498,0.0008812121601847859,0,0
100,499,0.15946536373782466,0,0
101,500,0.010835660463803774,0,0
101,501,0.13424107142857142,0,0
102,502,0.005195373270934794,0,0
102,503,0.179445895900974,0,0
103,387,0.08947700005073052,0,0
103,504,0.04264475108225108,0,0
104,505,0.0025067721610461478,0,0
104,506,0.012945481337510147,0,0
105,507,0.25790584415584417,0,0
105,508,0.028214285714285716,0,0
106,189,0.2343771560470779,0,0
106,509,0.021878544530827247,0,0
107,510,0.029838745645630414,0,0
107,511,0.28403409090909093,0,0
108,512,0.014370535978507171,0,0
108,513,0.01353479426660579,0,0
109,514,0.1279826797551407,0,0
110,180,0.11524702592329546,0,0
110,288,0.03716423265861742,0,0
111,483,0.015812362797004133,0,0
111,524,0.00962924286813447,0,0
112,1,2.705627705627706e-05,0,0
112,113,0.19194507153003246,0,0
113,15,0.03654040404040404,0,0
113,112,0.19194507153003246,0,0
113,251,0.055894627426609854,0,0
114,115,0.3121008158508159,0,0
114,125,0.11553819444444445,0,0
114,126,0.008325585399449036,0,0
115,114,0.3121008158508159,0,0
115,128,0.2610669191919192,0,0
116,118,0.006336189038825758,0,0
117,248,0.004846969898738809,0,0
118,116,0.006336189038825758,0,0
118,248,0.04666870686279866,0,0
118,299,0.24268823299096737,0,0
119,239,0.0025697291091883374,0,0
119,240,0.00787928298914627,0,0
120,130,0.025622376280945616,0,0
120,320,0.1339399329511634,0,0
120,389,0.1704913462188853,0,0
121,321,0.1043320707070707,0,0
121,389,0.012474173553719008,0,0
121,390,0.3575429292929293,0,0
122,123,0.22379409327651514,0,0
122,124,0.09684504401256887,0,0
123,122,0.22379409327651514,0,0
123,302,0.0013881692340478352,0,0
123,303,0.044933994177616,0,0
124,122,0.09684504401256887,0,0
124,493,0.009785984848484848,0,0
124,526,0.23988711332070708,0,0
125,114,0.11553819444444445,0,0
125,395,0.18277979008838383,0,0
126,114,0.008325585399449036,0,0
127,348,0.0014656439472189595,0,0
128,115,0.2610669191919192,0,0
128,139,0.14523747086247088,0,0
128,140,0.14107733832465277,0,0
129,61,0.4091044372294372,0,0
129,456,0.026091528858363463,0,0
130,120,0.025622376280945616,0,0
130,350,0.3136634199134199,0,0
130,456,0.30308441558441557,0,0
131,132,0.13545317342458676,0,0
131,134,0.12139204545454545,0,0
131,135,0.007050034283934876,0,0
132,131,0.13545317342458676,0,0
133,292,0.014508058322034263,0,0
134,131,0.12139204545454545,0,0
134,465,0.11570425180288461,0,0
135,131,0.007050034283934876,0,0
136,520,0.0015242644993945806,0,0
137,144,0.04986218385022096,0,0
138,167,0.04571969696969697,0,0
138,264,0.4877575757575757,0,0
138,401,0.17678463626217533,0,0
139,128,0.14523747086247088,0,0
139,140,0.09122623832429406,0,0
139,348,0.10110343595206878,0,0
140,128,0.14107733832465277,0,0
140,139,0.09122623832429406,0,0
140,349,0.0916909697561553,0,0
141,339,0.002720404114386048,0,0
142,340,0.00012283577031387395,0,0
143,260,1.236523569023569,0,0
143,521,0.03340620329885772,0,0
144,137,0.04986218385022096,0,0
144,160,0.11183604318858224,0,0
144,521,0.3181672494172494,0,0
145,333,0.0027106546839594323,0,0
146,225,0.06680460611979168,0,0
146,489,0.5329269972451791,0,0
146,496,0.43311417748917747,0,0
147,148,0.06097398792613636,0,0
147,331,0.3029772727272727,355,0
148,147,0.06097398792613636,355,0
148,351,0.293739898989899,0,0
148,429,0.07528234379552738,0,0
149,289,0.002487890425817672,0,0
150,344,0.0018651101608906896,0,0
151,430,0.6517261904761905,0,0
151,471,0.14914177700554657,0,0
152,230,0.10838257844783059,0,0
152,430,0.057543730092114324,0,0
152,525,0.15927137234510283,355,0
153,291,0.35494588744588745,0,0
153,315,0.05945580684777462,0,0
153,316,0.04447141873278237,0,0
154,155,0.2551424779647436,0,0
155,154,0.2551424779647436,0,0
155,285,0.11125404434974748,0,0
155,328,0.11402298374368686,0,0
156,505,0.4004407713498622,0,0
157,158,0.2025640807488952,0,0
157,375,0.4406691919191919,0,0
157,412,0.17592045723570934,0,0
158,157,0.2025640807488952,0,0
158,519,0.03136246972428613,0,0
159,347,0.0007980397734979186,0,0
160,144,0.11183604318858224,0,0
160,509,0.21305957300275483,0,0
160,520,0.294446386946387,0,0
161,189,0.14071246018422864,0,0
161,509,0.20393835819128786,0,0
162,531,0.0014184573465142367,0,0
163,45,0.3961367910879629,0,0
163,189,0.06693398479775434,0,0
163,193,0.23153207859848485,0,0
163,531,0.5059469696969697,0,0
164,1,2.705627705627706e-05,0,0
164,266,0.00541525237728851,0,0
164,479,0.3258989898989899,0,0
164,480,0.11031466661593615,0,0
165,167,0.04595163056344697,0,0
165,480,0.519862012987013,0,0
165,502,0.45063383838383836,0,0
166,1,2.705627705627706e-05,0,0
166,502,0.3153484848484849,0,0
167,138,0.04571969696969697,0,0
167,165,0.04595163056344697,0,0
167,210,0.23650580018939393,0,0
167,337,0.4382171717171717,0,0
168,169,0.06732121014835858,0,0
168,242,0.17955389987616552,0,0
169,168,0.06732121014835858,0,0
169,244,0.16835868070731352,0,0
170,347,0.13201427966564686,0,0
170,532,0.0784965034965035,0,0
171,125,0.08731351981351981,0,0
171,511,0.13822901870265153,0,0
172,320,0.03856783612043733,0,0
172,508,0.02504603672694493,0,0
173,319,0.3846938131313131,0,0
173,321,0.08506266948605372,0,0
174,175,0.06940667775051652,0,0
174,354,0.2882011073088843,0,0
175,174,0.06940667775051652,0,0
175,380,0.0179547787824155,0,0
176,35,0.2360285920282369,0,0
176,300,0.1584833916083916,0,0
176,345,0.23474358974358975,0,0
176,546,0.0024916025086160584,0,0
177,353,0.5017686480186481,0,0
178,1,2.705627705627706e-05,0,0
178,434,0.29969967532467534,0,0
179,286,0.0610335058821387,0,0
179,405,0.0678873747238005,0,0
180,1,2.705627705627706e-05,0,0
180,110,0.14667803299328513,0,0
181,403,0.03886363636363636,0,0
182,1,2.705627705627706e-05,0,0
182,25,0.2793909209280303,0,0
183,49,0.22566666666666665,0,0
183,346,0.0022619493746813086,0,0
184,217,0.15684178776952215,0,0
184,528,0.1953171756628788,0,0
185,1,2.705627705627706e-05,0,0
185,25,0.20820454545454545,0,0
185,214,0.018119588744588744,0,0
186,1,2.705627705627706e-05,0,0
186,25,0.16529614325068873,0,0
186,340,0.31014069264069266,0,0
187,339,0.1355719696969697,0,0
187,340,0.12633630529626624,0,0
188,260,0.24390210700757578,0,0
188,478,0.4133245920745921,0,0
189,106,0.32812801846590905,0,0
189,163,0.06693398479775434,0,0
190,195,0.4226920995670996,0,0
190,517,0.0003879469669226444,0,0
191,486,0.0006363106159248737,0,0
192,521,0.039210858585858585,0,0
193,163,0.23153207859848485,0,0
193,416,0.13965630918560606,0,0
193,517,0.31333838383838386,0,0
194,1,2.705627705627706e-05,0,0
194,263,0.06481331168831168,0,0
195,6,0.5502104377104376,0,0
195,190,0.4226920995670996,0,0
196,209,0.013174747967960858,0,0
196,366,0.2555126262626263,0,0
196,516,0.44880303030303037,0,0
197,477,0.057424661655618686,0,0
198,36,0.16787046243686868,0,0
198,485,0.06323705808080808,0,0
199,200,0.2031785432449495,0,0
199,201,0.2641313131313131,0,0
199,513,0.16446438999368687,0,0
199,516,0.2998409090909091,0,0
200,36,0.2609939334753788,0,0
200,199,0.2031785432449495,0,0
201,33,0.11416716974431819,0,0
201,199,0.2641313131313131,0,0
201,401,0.1340359827347132,0,0
202,203,0.4932683982683983,0,0
202,205,0.3596338383838384,0,0
202,512,0.03553815040753518,0,0
203,202,0.4932683982683983,0,0
203,454,0.08128841779964827,0,0
204,207,0.1147963332240676,0,0
204,453,0.05150883838383838,0,0
204,454,0.11579629300820707,0,0
205,202,0.3596338383838384,0,0
205,265,0.18328146625509906,0,0
206,265,0.004836654840927302,0,0
207,204,0.1147963332240676,0,0
208,1,2.705627705627706e-05,0,0
208,474,0.5594283746556474,0,0
209,196,0.013174747967960858,0,0
209,264,0.01052530307962437,0,0
210,167,0.23650580018939393,0,0
210,341,0.46912067099567095,0,0
210,379,0.2044987373737374,0,0
211,341,0.4516233766233766,0,0
211,528,0.010211498706371752,0,0
212,217,0.1990671756628788,0,0
212,336,0.3127146464646465,0,0
212,529,0.04101931670217804,0,0
213,215,0.0008536471742572208,0,0
214,185,0.018119588744588744,0,0
214,339,0.2655002663352273,0,0
214,476,0.2941504329004329,0,0
215,213,0.0008536471742572208,0,0
215,335,0.010559767025373716,0,0
215,489,0.3918282828282828,0,0
216,219,0.0001913532873596808,0,0
217,184,0.15684178776952215,0,0
217,212,0.1990671756628788,0,0
217,336,0.17159949100378788,0,0
218,98,0.054532712826058885,0,0
218,219,0.4568080808080808,0,0
218,333,0.030902020695233585,0,0
218,364,0.3114141414141414,0,0
219,216,0.0001913532873596808,0,0
219,218,0.4568080808080808,0,0
219,393,0.3502222222222222,0,0
220,1,2.705627705627706e-05,0,0
220,425,0.11738067759063853,0,0
221,269,0.36509032634032634,0,0
221,305,0.026183117622936958,0,0
221,307,0.12647538090165042,0,0
222,308,0.127504547427399,0,0
222,359,0.3153080808080808,0,0
222,411,0.007896186597419507,0,0
223,359,0.02899816956182923,0,0
224,1,2.705627705627706e-05,0,0
224,40,0.23461016414141414,0,0
224,392,0.13349747474747475,0,0
225,146,0.06680460611979168,0,0
225,398,0.04846384432033402,0,0
225,476,0.3788024475524475,0,0
226,227,0.0003323701346591437,0,0
226,228,0.3033603896103896,0,0
226,344,0.058588201349431816,0,0
227,226,0.0003323701346591437,0,0
227,427,0.321176948051948,0,0
228,226,0.3033603896103896,0,0
228,396,0.03257809809745179,0,0
229,30,0.08639873342803031,0,0
229,396,0.04398055752840909,0,0
229,429,0.3486388888888889,0,0
230,152,0.10838257844783059,355,0
230,277,0.08692103957240675,0,0
231,277,0.0009527622569691051,0,0
232,525,0.0008448647007797703,0,0
233,278,0.8599526515151514,0,0
234,360,0.11581177611451049,0,0
234,361,0.006045622649016203,0,0
235,327,0.22262046243686867,0,0
235,432,0.04661914667807335,0,0
236,248,0.13167550505050504,0,0
236,285,0.0876292909564394,0,0
236,463,0.19676136363636362,0,0
237,56,0.13183990293560607,0,0
237,310,0.6935198135198135,0,0
237,515,0.041927685277849513,0,0
238,420,0.013486060864997634,0,0
239,119,0.0025697291091883374,0,0
239,242,0.1614358997122669,0,0
239,459,0.15098295454545455,0,0
240,74,0.16627036354758523,0,0
240,119,0.00787928298914627,0,0
240,241,0.38946969696969697,0,0
241,240,0.38946969696969697,0,0
242,168,0.17955389987616552,0,0
242,239,0.1614358997122669,0,0
242,243,0.35703598484848487,0,0
243,76,0.07038730813999369,0,0
243,242,0.35703598484848487,0,0
244,169,0.16835868070731352,0,0
244,245,0.3028583916083916,0,0
245,244,0.3028583916083916,0,0
246,90,0.1490465410240801,0,0
246,523,0.002026447848438815,0,0
247,326,0.2026242503156566,0,0
247,448,0.6016792929292929,0,0
248,117,0.004846969898738809,0,0
248,118,0.04666870686279866,0,0
248,236,0.13167550505050504,0,0
249,1,2.705627705627706e-05,0,0
249,469,0.022776309347021347,0,0
250,499,0.3522486225895317,0,0
251,15,0.11629924735637626,0,0
251,113,0.055894627426609854,0,0
251,371,0.02195003162730824,0,0
252,492,0.024567803837379477,0,0
252,498,0.19719506730248917,0,0
253,492,0.032594145467458674,0,0
253,526,0.16171438999368687,0,0
254,524,0.0007381818051508963,0,0
255,1,2.705627705627706e-05,0,0
255,400,0.303103354978355,0,0
256,1,2.705627705627706e-05,0,0
256,372,0.252472394142316,0,0
257,311,0.25161691130050506,0,0
258,436,0.3635151515151515,0,0
258,443,0.001735492436572759,0,0
258,522,0.11549683850220958,0,0
259,522,0.0034905723289207174,0,0
260,143,1.236523569023569,0,0
260,188,0.24390210700757578,0,0
260,189,0.4700641025641026,0,0
260,370,0.17859495344065657,0,0
260,531,0.09241716974431818,0,0
261,187,0.40917424242424244,0,0
261,282,0.06882900221523269,0,0
262,9,0.06299318379103536,0,0
262,370,0.054204796993371204,0,0
263,194,0.06481331168831168,0,0
263,503,0.22700058730332168,0,0
263,514,0.6161666666666666,0,0
264,138,0.4877575757575757,0,0
264,209,0.01052530307962437,0,0
264,503,0.5110479797979798,0,0
265,205,0.18328146625509906,0,0
265,206,0.004836654840927302,0,0
265,453,0.051844986068618884,0,0
266,1,2.705627705627706e-05,0,0
266,164,0.00541525237728851,0,0
267,1,2.705627705627706e-05,0,0
267,409,0.24012904434974747,0,0
268,269,0.04528436041497565,0,0
268,373,0.04661157024793388,0,0
268,374,0.0009749035795858085,0,0
269,221,0.36509032634032634,0,0
269,268,0.04528436041497565,0,0
269,343,0.21980735085227274,0,0
270,406,0.24967388731060605,0,0
270,466,0.04032754010695187,0,0
271,406,0.1790340909090909,0,0
271,407,0.009769534816989655,0,0
272,288,0.06056791231229708,355,0
272,289,0.2620203006628788,0,0
272,466,0.14303030303030304,0,0
273,334,0.009814519914312394,0,0
274,500,0.13266540404040403,0,0
274,501,0.043005810053661615,0,0
275,28,0.28085985588304924,0,0
275,336,0.023589551521070076,0,0
276,435,0.5899242424242424,0,0
276,446,0.342979797979798,0,0
276,452,0.055315744639475105,0,0
277,230,0.08692103957240675,355,0
277,231,0.0009527622569691051,0,0
277,381,0.13931439640546087,0,0
278,233,0.8599526515151514,0,0
278,381,0.011938257699060923,0,0
279,1,2.705627705627706e-05,0,0
279,14,0.19515245842211176,0,0
279,468,0.1328757595486111,0,0
280,7,0.059591180710565475,0,0
280,324,0.27698322510822515,0,0
280,367,0.052451517124368685,0,0
281,84,0.4254220779220779,0,0
281,338,0.00028742676551895906,0,0
282,261,0.06882900221523269,0,0
282,378,0.3460926573426573,0,0
282,473,0.12226974685470779,0,0
283,464,0.37565268065268065,0,0
284,519,0.0011423832479149404,0,0
285,77,0.18887150122013402,0,0
285,155,0.11125404434974748,0,0
285,236,0.0876292909564394,0,0
285,519,0.5565854978354978,0,0
286,1,2.705627705627706e-05,0,0
286,179,0.0610335058821387,0,0
287,1,2.705627705627706e-05,0,0
287,435,0.11548169685132575,0,0
288,1,2.705627705627706e-05,355,0
288,40,0.36334022038567493,0,0
288,110,0.04002301978620338,0,0
288,272,0.06056791231229708,0,0
289,149,0.002487890425817672,0,0
289,272,0.2620203006628788,355,0
289,290,0.10101893711756992,0,0
290,79,0.005278271551631371,0,0
290,289,0.10101893711756992,355,0
290,382,0.3831818181818182,0,0
291,153,0.35494588744588745,0,0
291,325,0.2262358546401515,0,0
291,391,0.22370107323232322,0,0
292,133,0.014508058322034263,0,0
292,354,0.1250186434659091,0,0
292,537,0.1521340280812937,0,0
292,540,0.17053525413388695,0,0
293,353,0.13259557337194056,0,0
293,462,0.11958740803467366,0,0
293,542,0.05206118994937354,0,0
294,50,0.03322806366219008,0,0
294,326,0.06486053719008264,0,0
294,327,0.4511011904761905,0,0
295,369,0.13472803227588384,0,0
296,297,0.038118349839541245,0,0
296,369,0.025313383673979374,0,0
297,296,0.038118349839541245,0,0
297,368,0.0020429633436225233,0,0
298,299,0.04405856757175117,0,0
298,368,0.002950495295313409,0,0
299,118,0.24268823299096737,0,0
299,298,0.04405856757175117,0,0
300,176,0.1584833916083916,0,0
301,49,0.19251211825284092,0,0
301,329,0.004104399781127074,0,0
302,123,0.0013881692340478352,0,0
303,26,0.044067369601427216,0,0
303,123,0.044933994177616,0,0
303,391,0.04367180630242154,0,0
304,13,0.29094444444444445,0,0
304,357,0.0018710530598958332,0,0
305,221,0.026183117622936958,0,0
305,410,0.08557610461862948,0,0
305,426,0.09420707070707071,0,0
306,410,0.017465288987172867,0,0
306,411,0.03815707120028409,0,0
307,221,0.12647538090165042,0,0
308,222,0.127504547427399,0,0
309,317,0.11325,0,0
309,530,0.08464118726325758,0,0
310,237,0.6935198135198135,0,0
310,384,0.004206680423957259,0,0
310,458,0.2462472943722944,0,0
311,257,0.25161691130050506,0,0
311,313,0.2882954545454545,0,0
311,384,0.07265013639591941,0,0
311,385,0.0052995457504734856,0,0
312,316,0.03444376343057984,0,0
312,505,0.016253443526170797,0,0
312,506,0.0014502972156017807,0,0
313,311,0.2882954545454545,0,0
313,314,0.00030914393338290125,0,0
314,313,0.00030914393338290125,0,0
314,315,0.0003921212090386285,0,0
314,506,0.028470454052241165,0,0
315,153,0.05945580684777462,0,0
315,314,0.0003921212090386285,0,0
316,153,0.04447141873278237,0,0
316,312,0.03444376343057984,0,0
316,317,0.19289798374368686,0,0
317,309,0.11325,0,0
317,316,0.19289798374368686,0,0
317,325,0.4339318181818182,0,0
318,319,0.01845307783647017,0,0
318,507,0.2699258700284091,0,0
318,523,0.33233225108225106,0,0
319,66,0.1527156364143669,0,0
319,173,0.3846938131313131,0,0
319,318,0.01845307783647017,0,0
319,448,0.15555628128382035,0,0
320,120,0.1339399329511634,0,0
320,172,0.03856783612043733,0,0
320,321,0.054138086072012745,0,0
321,121,0.1043320707070707,0,0
321,173,0.08506266948605372,0,0
321,320,0.054138086072012745,0,0
322,57,0.5062121212121212,0,0
322,418,0.4341396103896104,0,0
322,434,0.34942171717171716,0,0
322,439,0.02278030303030303,0,0
323,324,0.039608816772124654,0,0
323,415,0.06760064723687771,0,0
323,451,0.10488181620896464,0,0
324,280,0.27698322510822515,0,0
324,323,0.039608816772124654,0,0
324,487,0.21866422314664502,0,0
325,291,0.2262358546401515,0,0
325,317,0.4339318181818182,0,0
326,294,0.06486053719008264,0,0
326,423,0.04971241486378205,0,0
327,22,0.2968722943722944,0,0
327,235,0.22262046243686867,0,0
327,294,0.4511011904761905,0,0
327,449,0.08933585858585859,0,0
328,155,0.11402298374368686,0,0
328,360,0.5421070075757576,0,0
328,460,0.3490963203463204,0,0
329,301,0.004104399781127074,0,0
329,346,0.09831293706293706,0,0
329,355,0.19253466910693476,0,0
329,535,0.21491841491841487,0,0
330,331,0.2732927489177489,0,0
330,446,0.143545741368007,0,0
330,447,0.026212223778086262,0,0
331,147,0.3029772727272727,0,0
331,330,0.2732927489177489,0,0
331,382,0.0299686858822601,355,0
331,383,0.175846588443024,0,0
332,182,0.30184595959595956,0,0
332,392,0.1888744588744589,0,0
332,424,0.02501203646162142,0,0
333,145,0.0027106546839594323,0,0
333,218,0.030902020695233585,0,0
333,374,0.43006410256410255,0,0
333,496,0.03539685371594551,0,0
334,273,0.009814519914312394,0,0
334,364,0.0007007413096242136,0,0
334,365,0.07638686671401515,0,0
335,215,0.010559767025373716,0,0
335,365,0.24778182212752525,0,0
335,500,0.038375,0,0
335,529,0.01884249970407197,0,0
336,212,0.3127146464646465,0,0
336,217,0.17159949100378788,0,0
336,275,0.023589551521070076,0,0
336,393,0.15585479797979798,0,0
337,167,0.4382171717171717,0,0
337,341,0.2568787878787879,0,0
337,512,0.023704028589337987,0,0
337,513,0.02854292929292929,0,0
338,281,0.00028742676551895906,0,0
338,378,0.003958509965376419,0,0
338,379,0.10356767874053029,0,0
338,474,0.4265719696969697,0,0
339,141,0.002720404114386048,0,0
339,214,0.2655002663352273,0,0
339,340,0.05236338482481061,0,0
340,142,0.00012283577031387395,0,0
340,186,0.31014069264069266,0,0
340,187,0.12633630529626624,0,0
340,339,0.05236338482481061,0,0
341,210,0.46912067099567095,0,0
341,211,0.4516233766233766,0,0
341,337,0.2568787878787879,0,0
341,473,0.3054520202020202,0,0
342,397,0.01360741289147051,0,0
342,398,0.4165977961432507,0,0
342,424,0.4205871212121212,0,0
342,475,0.06937770562770562,0,0
343,269,0.21980735085227274,0,0
343,362,0.23282089167343076,0,0
343,495,0.5670808179450758,0,0
344,150,0.0018651101608906896,0,0
344,226,0.058588201349431816,0,0
344,471,0.07026894045082521,0,0
345,176,0.23474358974358975,0,0
345,525,0.35660256410256413,0,0
345,536,0.11691928676791957,0,0
345,538,0.09426041420059975,0,0
346,183,0.0022619493746813086,0,0
346,329,0.09831293706293706,0,0
346,536,0.08040384501566142,0,0
346,541,0.11515326795600232,0,0
347,159,0.0007980397734979186,0,0
347,170,0.13201427966564686,0,0
347,421,0.08836218062536422,0,0
347,543,0.21423834954108392,0,0
348,127,0.0014656439472189595,0,0
348,139,0.10110343595206878,0,0
348,542,0.01883617424242424,0,0
348,543,0.08043771043771043,0,0
349,48,0.4228512396694215,0,0
349,140,0.0916909697561553,0,0
349,420,0.42087121212121215,0,0
349,462,0.002839159794747008,0,0
350,130,0.3136634199134199,0,0
350,376,0.1046411009509154,0,0
350,467,0.1550532867739899,0,0
351,383,0.1951575076941288,0,0
351,494,0.3161498917748918,0,0
351,527,0.5609974747474747,0,0
352,426,0.21134670928030302,0,0
352,427,0.45422077922077925,0,0
352,494,0.1928517316017316,0,0
352,495,0.06397424439709595,0,0
353,177,0.5017686480186481,0,0
353,293,0.13259557337194056,0,0
353,537,0.017554866195002915,0,0
353,539,0.22144129281092173,0,0
354,174,0.2882011073088843,0,0
354,292,0.1250186434659091,0,0
354,464,0.09107634146452505,0,0
354,465,0.4100068870523416,0,0
355,329,0.19253466910693476,0,0
355,421,0.02095472073499417,0,0
355,422,0.10295296717171716,0,0
355,545,0.14135832938762627,0,0
356,247,0.05529646563289141,0,0
356,375,0.12058863784327652,0,0
357,304,0.0018710530598958332,0,0
357,356,0.4477754820936639,0,0
357,491,0.2918587662337662,0,0
358,444,0.08058358487215908,0,0
358,445,0.0025639290717679275,0,0
359,2,0.21452100012913222,0,0
359,222,0.3153080808080808,0,0
359,223,0.02899816956182923,0,0
360,3,0.056609596946022724,0,0
360,234,0.11581177611451049,0,0
360,328,0.5421070075757576,0,0
361,3,0.19290258894751083,0,0
361,234,0.006045622649016203,0,0
361,461,0.6865050505050505,0,0
362,4,0.04873519351002927,0,0
362,343,0.23282089167343076,0,0
362,527,0.21669492993796663,0,0
363,4,0.21114961698457793,0,0
363,373,0.26097645681141773,0,0
363,397,0.32841450216450213,0,0
364,5,0.07568156664299243,0,0
364,218,0.3114141414141414,0,0
364,334,0.0007007413096242136,0,0
365,5,0.023688005543718436,0,0
365,334,0.07638686671401515,0,0
365,335,0.24778182212752525,0,0
366,6,0.08899949692234849,0,0
366,196,0.2555126262626263,0,0
366,441,0.015367045701152144,0,0
367,7,0.016579789330949002,0,0
367,60,0.3031168831168831,0,0
367,280,0.052451517124368685,0,0
367,438,0.25490656565656566,0,0
368,8,0.1365131293402778,0,0
368,297,0.0020429633436225233,0,0
368,298,0.002950495295313409,0,0
369,8,0.1441934382891414,0,0
369,295,0.13472803227588384,0,0
369,296,0.025313383673979374,0,0
370,9,0.03319040502683081,0,0
370,260,0.17859495344065657,0,0
370,262,0.054204796993371204,0,0
371,10,0.2875934343434344,0,0
371,251,0.02195003162730824,0,0
371,388,0.23264255660296143,0,0
372,11,0.22270137902462123,0,0
372,256,0.252472394142316,0,0
372,399,0.07102299677861201,0,0
373,12,0.0021567453593363023,0,0
373,268,0.04661157024793388,0,0
373,363,0.26097645681141773,0,0
374,12,0.03275351784446023,0,0
374,268,0.0009749035795858085,0,0
374,333,0.43006410256410255,0,0
375,13,0.03514046717171717,0,0
375,157,0.4406691919191919,0,0
375,356,0.12058863784327652,0,0
376,16,0.13143863439078282,0,0
376,350,0.1046411009509154,0,0
376,484,0.49160443722943725,0,0
377,16,0.002307297985963147,0,0
377,350,0.15757752327967173,0,0
378,17,0.09963610716540404,0,0
378,282,0.3460926573426573,0,0
378,338,0.003958509965376419,0,0
379,17,0.006689040675307765,0,0
379,210,0.2044987373737374,0,0
379,338,0.10356767874053029,0,0
380,18,0.08262034027170746,0,0
380,175,0.0179547787824155,0,0
380,547,0.20758364898989898,0,0
381,18,0.08134814049586778,0,0
381,277,0.13931439640546087,355,0
381,278,0.011938257699060923,0,0
382,19,0.027423231336805555,0,0
382,290,0.3831818181818182,355,0
382,331,0.0299686858822601,0,0
383,19,0.024981322388548954,0,0
383,331,0.175846588443024,0,0
383,351,0.1951575076941288,0,0
384,20,0.02267062604919938,0,0
384,310,0.004206680423957259,0,0
384,311,0.07265013639591941,0,0
385,20,0.07213498622589531,0,0
385,311,0.0052995457504734856,0,0
385,493,0.357510101010101,0,0
386,21,0.059219378847064394,0,0
386,488,0.11490504655934343,0,0
387,22,0.00422761691174888,0,0
387,103,0.08351186671401516,0,0
387,431,0.5820238095238095,0,0
387,504,0.8981887052341597,0,0
388,23,0.5348243801652892,0,0
388,371,0.23264255660296143,0,0
388,470,0.11411525974025974,0,0
389,24,0.30666666666666664,0,0
389,120,0.1704913462188853,0,0
389,121,0.012474173553719008,0,0
390,24,0.02283126789019456,0,0
390,95,0.30505050505050507,0,0
390,121,0.3575429292929293,0,0
390,491,0.320530303030303,0,0
391,26,0.006899377732049851,0,0
391,291,0.22370107323232322,0,0
391,303,0.04367180630242154,0,0
392,27,0.36333677685950416,0,0
392,224,0.13349747474747475,0,0
392,332,0.1888744588744589,0,0
393,28,0.04920248068397039,0,0
393,219,0.3502222222222222,0,0
393,336,0.15585479797979798,0,0
394,29,0.3003150826446281,0,0
394,413,0.17589610178233225,0,0
394,445,0.054491951682350846,0,0
395,29,0.16650270140016235,0,0
395,358,0.25317774348047783,0,0
396,30,0.0741517666903409,0,0
396,228,0.03257809809745179,0,0
396,229,0.04398055752840909,0,0
397,31,0.32374188311688307,0,0
397,342,0.01360741289147051,0,0
397,363,0.32841450216450213,0,0
398,31,0.03980750554192493,0,0
398,225,0.04846384432033402,0,0
398,342,0.4165977961432507,0,0
399,32,0.125877749440427,0,0
399,372,0.07102299677861201,0,0
399,436,0.3487777777777778,0,0
400,32,0.03839015151515152,0,0
400,255,0.303103354978355,0,0
400,437,0.28872294372294377,0,0
401,33,0.01593515107125947,0,0
401,138,0.17678463626217533,0,0
401,201,0.1340359827347132,0,0
402,34,0.1594788918763528,0,0
402,39,0.13891736075241048,0,0
402,408,0.11129097930655991,0,0
402,470,0.22624080509334416,0,0
403,35,0.08515323691460056,0,0
403,181,0.03886363636363636,0,0
403,518,0.10491369470373377,0,0
404,37,0.16518005247790404,0,0
404,469,0.2510699143422865,0,0
404,497,0.3942397186147186,0,0
405,37,0.3181859611742424,0,0
405,179,0.0678873747238005,0,0
405,515,0.1876454584911616,0,0
406,38,0.053989668076360194,0,0
406,270,0.24967388731060605,0,0
406,271,0.1790340909090909,0,0
407,38,0.3115735973011364,0,0
407,271,0.009769534816989655,0,0
407,527,0.05942803276909722,0,0
408,39,0.03992771341343118,0,0
408,71,0.21331955922865015,0,0
408,99,0.3144176943440083,0,0
408,402,0.11129097930655991,0,0
408,455,0.24493832014339825,0,0
409,41,0.2846807359307359,0,0
409,267,0.24012904434974747,0,0
409,428,0.36421969696969697,0,0
410,42,0.03792575658933081,0,0
410,305,0.08557610461862948,0,0
410,306,0.017465288987172867,0,0
411,42,0.0161820709536774,0,0
411,222,0.007896186597419507,0,0
411,306,0.03815707120028409,0,0
412,43,0.05700757575757576,0,0
412,157,0.17592045723570934,0,0
412,463,0.4126742424242424,0,0
413,43,0.39635353535353535,0,0
413,394,0.17589610178233225,0,0
413,459,0.43890734265734266,0,0
414,44,0.05322752426609849,0,0
414,451,0.3182752525252525,0,0
414,468,0.20010175978535352,0,0
415,44,0.3995681818181818,0,0
415,323,0.06760064723687771,0,0
415,484,0.07532413631290584,0,0
416,45,0.023822853781960227,0,0
416,193,0.13965630918560606,0,0
416,486,0.18171515940656566,0,0
417,46,0.01912372515549673,0,0
417,437,0.24056261837121212,0,0
417,507,0.3656092171717172,0,0
418,46,0.27102002164502165,0,0
418,322,0.4341396103896104,0,0
418,508,0.31182088744588743,0,0
419,47,0.017239141496343643,0,0
419,68,0.3492272727272727,0,0
419,450,0.3462222222222222,0,0
419,510,0.41531565656565655,0,0
420,48,0.09261295034865703,0,0
420,238,0.013486060864997634,0,0
420,349,0.42087121212121215,0,0
421,49,0.12460227272727273,0,0
421,347,0.08836218062536422,0,0
421,355,0.02095472073499417,0,0
422,49,0.007497316610933554,0,0
422,355,0.10295296717171716,0,0
422,539,0.1480423004458649,0,0
423,50,0.1139821449709145,0,0
423,325,0.07035460145323427,0,0
424,51,0.006245970923053333,0,0
424,332,0.02501203646162142,0,0
424,342,0.4205871212121212,0,0
425,51,0.3383271457472452,0,0
425,220,0.11738067759063853,0,0
425,475,0.12876893939393938,0,0
426,52,0.33286363636363636,0,0
426,305,0.09420707070707071,0,0
426,352,0.21134670928030302,0,0
427,52,0.0009629717740145597,0,0
427,227,0.321176948051948,0,0
427,352,0.45422077922077925,0,0
428,53,0.01203366181344697,0,0
428,409,0.36421969696969697,0,0
428,479,0.4771313131313131,0,0
429,54,0.018636792732007575,0,0
429,148,0.07528234379552738,0,0
429,229,0.3486388888888889,0,0
430,54,0.3746320346320346,0,0
430,151,0.6517261904761905,0,0
430,152,0.057543730092114324,0,0
431,55,0.0040766774627553435,0,0
431,387,0.5820238095238095,0,0
431,530,0.008232765362892315,0,0
432,55,0.009840805852380338,0,0
432,235,0.04661914667807335,0,0
432,530,0.0038097795638827895,0,0
433,56,0.04318989701704545,0,0
433,73,0.22815605271464648,0,0
433,458,0.25545202020202024,0,0
433,515,0.14627196772411616,0,0
434,57,0.13597552675189395,0,0
434,87,0.12103187638099747,0,0
434,178,0.29969967532467534,0,0
435,58,0.0961418105616714,0,0
435,276,0.5899242424242424,0,0
435,287,0.11548169685132575,0,0
436,59,0.00600512633660827,0,0
436,258,0.3635151515151515,0,0
436,399,0.3487777777777778,0,0
437,59,0.28403409090909093,0,0
437,400,0.28872294372294377,0,0
437,417,0.24056261837121212,0,0
438,60,0.15756304323931275,0,0
438,367,0.25490656565656566,0,0
438,518,0.32605555555555554,0,0
439,61,0.01841068152225379,0,0
439,322,0.02278030303030303,0,0
440,62,0.06343409189551767,0,0
440,517,0.45571212121212124,0,0
441,62,0.30424747474747477,0,0
441,366,0.015367045701152144,0,0
441,477,0.3628583916083917,0,0
442,63,0.3573701298701299,0,0
442,455,0.2206125979252755,0,0
442,498,0.08737706880595729,0,0
443,63,0.31301136363636367,0,0
443,258,0.001735492436572759,0,0
443,526,0.20032323232323232,0,0
444,64,0.036691162109375,0,0
444,357,0.18385000394570708,0,0
445,64,0.09736287681502526,0,0
445,358,0.0025639290717679275,0,0
445,394,0.054491951682350846,0,0
446,65,0.006754671963778409,0,0
446,276,0.342979797979798,0,0
446,330,0.143545741368007,0,0
447,65,0.11506060606060606,0,0
447,180,0.7182925407925408,0,0
447,330,0.026212223778086262,0,0
448,66,0.00818612036766944,0,0
448,247,0.6016792929292929,0,0
448,319,0.15555628128382035,0,0
449,67,0.10255785392992424,0,0
449,327,0.08933585858585859,0,0
449,460,0.6549318181818181,0,0
450,68,0.029681819238704003,0,0
450,377,0.30577777777777776,0,0
451,69,0.318008658008658,0,0
451,323,0.10488181620896464,0,0
451,414,0.3182752525252525,0,0
452,69,0.1066523247260552,0,0
452,276,0.055315744639475105,0,0
452,487,0.1768598484848485,0,0
453,70,0.0458219703695334,0,0
453,204,0.05150883838383838,0,0
453,265,0.051844986068618884,0,0
454,70,0.022783036665482957,0,0
454,203,0.08128841779964827,0,0
454,204,0.11579629300820707,0,0
455,71,0.016293904958677684,0,0
455,408,0.24493832014339825,0,0
455,442,0.2206125979252755,0,0
456,72,0.022583436571862087,0,0
456,129,0.026091528858363463,0,0
456,130,0.30308441558441557,0,0
457,72,0.019196888316761362,0,0
457,439,0.41461111111111115,0,0
458,73,0.0059650250059185604,0,0
458,310,0.2462472943722944,0,0
458,433,0.25545202020202024,0,0
459,74,0.08764431670217804,0,0
459,239,0.15098295454545455,0,0
459,413,0.43890734265734266,0,0
460,75,0.06574343532986111,0,0
460,328,0.3490963203463204,0,0
460,449,0.6549318181818181,0,0
461,75,0.1575047940340909,0,0
461,361,0.6865050505050505,0,0
461,504,0.0678103545217803,0,0
462,76,0.33254662004662006,0,0
462,293,0.11958740803467366,0,0
462,349,0.002839159794747008,0,0
463,77,0.08189248251748252,0,0
463,236,0.19676136363636362,0,0
463,412,0.4126742424242424,0,0
464,78,0.38046487603305784,0,0
464,283,0.37565268065268065,0,0
464,354,0.09107634146452505,0,0
465,78,0.01764463909300335,0,0
465,134,0.11570425180288461,0,0
465,354,0.4100068870523416,0,0
466,79,0.35203379953379954,0,0
466,270,0.04032754010695187,0,0
466,272,0.14303030303030304,0,0
467,80,0.36223214285714284,0,0
467,457,0.08746438999368687,0,0
468,80,0.2979897186147186,0,0
468,91,0.3924485930735931,0,0
468,279,0.1328757595486111,0,0
468,414,0.20010175978535352,0,0
469,81,0.296969696969697,0,0
469,249,0.022776309347021347,0,0
469,404,0.2510699143422865,0,0
470,81,0.2553929117165978,0,0
470,388,0.11411525974025974,0,0
470,402,0.22624080509334416,0,0
471,82,0.1619932338169643,0,0
471,151,0.14914177700554657,0,0
471,344,0.07026894045082521,0,0
472,83,0.0619469696969697,0,0
472,261,0.16958005839646464,0,0
473,83,0.006014359319177211,0,0
473,282,0.12226974685470779,0,0
473,341,0.3054520202020202,0,0
474,84,0.010618695676068723,0,0
474,208,0.5594283746556474,0,0
474,338,0.4265719696969697,0,0
475,85,0.08733089826839827,0,0
475,342,0.06937770562770562,0,0
475,425,0.12876893939393938,0,0
476,85,0.06904137529137529,0,0
476,214,0.2941504329004329,0,0
476,225,0.3788024475524475,0,0
477,86,0.2718285123966942,0,0
477,197,0.057424661655618686,0,0
477,441,0.3628583916083917,0,0
478,86,0.24227687026515152,0,0
478,188,0.4133245920745921,0,0
478,514,0.8591666666666666,0,0
479,88,0.1476442120704816,0,0
479,164,0.3258989898989899,0,0
479,428,0.4771313131313131,0,0
480,88,0.33396103896103896,0,0
480,164,0.11031466661593615,0,0
480,165,0.519862012987013,0,0
481,89,0.24372808018804112,0,0
481,386,0.20209438131313132,0,0
482,89,0.12328964449179293,0,0
482,148,0.23526945233585858,355,0
483,90,0.0009931439276240745,0,0
483,111,0.015812362797004133,0,0
483,523,0.14242508088699496,0,0
484,91,0.017229514073843908,0,0
484,376,0.49160443722943725,0,0
484,415,0.07532413631290584,0,0
485,92,0.35362121212121217,0,0
485,198,0.06323705808080808,0,0
485,516,0.6123901613794193,0,0
486,92,0.3804116161616162,0,0
486,191,0.0006363106159248737,0,0
486,416,0.18171515940656566,0,0
487,93,0.2810822510822511,0,0
487,324,0.21866422314664502,0,0
487,452,0.1768598484848485,0,0
488,93,0.3036850649350649,0,0
488,330,0.317219696969697,0,0
489,94,0.0055657071200284096,0,0
489,146,0.5329269972451791,0,0
489,215,0.3918282828282828,0,0
490,94,0.20871010890151515,0,0
490,472,0.1636984887941919,0,0
491,95,0.02223555624605429,0,0
491,357,0.2918587662337662,0,0
491,390,0.320530303030303,0,0
492,96,0.14769090317234848,0,0
492,252,0.024567803837379477,0,0
492,253,0.032594145467458674,0,0
493,96,0.04818560833697552,0,0
493,124,0.009785984848484848,0,0
493,385,0.357510101010101,0,0
494,97,0.025702163233901516,0,0
494,351,0.3161498917748918,0,0
494,352,0.1928517316017316,0,0
495,97,0.1783814850514069,0,0
495,343,0.5670808179450758,0,0
495,352,0.06397424439709595,0,0
496,98,0.007162954619436553,0,0
496,146,0.43311417748917747,0,0
496,333,0.03539685371594551,0,0
497,99,0.03475275549350034,0,0
497,404,0.3942397186147186,0,0
497,499,0.5253684573002755,0,0
498,100,0.001121542749326091,0,0
498,252,0.19719506730248917,0,0
498,442,0.08737706880595729,0,0
499,100,0.18604292436079545,0,0
499,250,0.3522486225895317,0,0
499,497,0.5253684573002755,0,0
500,101,0.01011328309955019,0,0
500,274,0.13266540404040403,0,0
500,335,0.038375,0,0
501,101,0.12529166666666666,0,0
501,490,0.3693308080808081,0,0
502,102,0.0048490150528724746,0,0
502,165,0.45063383838383836,0,0
502,166,0.3153484848484849,0,0
503,102,0.16748283617424242,0,0
503,263,0.22700058730332168,0,0
503,264,0.5110479797979798,0,0
504,103,0.03980176767676768,0,0
504,387,0.8981887052341597,0,0
504,461,0.0678103545217803,0,0
505,104,0.0026996007888189285,0,0
505,156,0.4004407713498622,0,0
505,312,0.016253443526170797,0,0
506,104,0.013941287594241696,0,0
506,312,0.0014502972156017807,0,0
506,314,0.028470454052241165,0,0
507,105,0.25790584415584417,0,0
507,318,0.2699258700284091,0,0
507,417,0.3656092171717172,0,0
508,105,0.028214285714285716,0,0
508,172,0.02504603672694493,0,0
508,418,0.31182088744588743,0,0
509,106,0.0510499372385969,0,0
509,160,0.21305957300275483,0,0
509,161,0.20393835819128786,0,0
510,107,0.03797658536716598,0,0
510,419,0.41531565656565655,0,0
510,533,0.21865792085518648,0,0
511,107,0.3614979338842975,0,0
511,171,0.13822901870265153,0,0
511,532,0.03469784325375146,0,0
512,108,0.025148437962387547,0,0
512,202,0.03553815040753518,0,0
512,337,0.023704028589337987,0,0
513,108,0.01263247464883207,0,0
513,199,0.16446438999368687,0,0
513,337,0.02854292929292929,0,0
514,109,0.11945050110479798,0,0
514,263,0.6161666666666666,0,0
514,478,0.8591666666666666,0,0
515,237,0.041927685277849513,0,0
515,405,0.1876454584911616,0,0
515,433,0.14627196772411616,0,0
516,196,0.44880303030303037,0,0
516,440,0.16950909485479798,0,0
516,485,0.6123901613794193,0,0
517,190,0.0003879469669226444,0,0
517,193,0.31333838383838386,0,0
517,262,0.0994323212594697,0,0
518,403,0.10491369470373377,0,0
518,438,0.32605555555555554,0,0
518,481,0.14277164079410173,0,0
519,158,0.03136246972428613,0,0
519,284,0.0011423832479149404,0,0
519,285,0.5565854978354978,0,0
520,136,0.0015242644993945806,0,0
520,160,0.294446386946387,0,0
520,161,0.04776244588744589,0,0
521,143,0.03340620329885772,0,0
521,144,0.3181672494172494,0,0
521,192,0.039210858585858585,0,0
521,520,0.1804207251082251,0,0
522,258,0.11549683850220958,0,0
522,259,0.0034905723289207174,0,0
522,523,0.15704962713068182,0,0
522,524,0.0638185275159263,0,0
523,246,0.002026447848438815,0,0
523,318,0.33233225108225106,0,0
523,483,0.14242508088699496,0,0
523,522,0.15704962713068182,0,0
524,111,0.00962924286813447,0,0
524,254,0.0007381818051508963,0,0
524,522,0.0638185275159263,0,0
524,526,0.12446161813446971,0,0
525,152,0.15927137234510283,0,0
525,232,0.0008448647007797703,0,0
525,482,0.09860810250946969,355,0
526,124,0.23988711332070708,0,0
526,253,0.16171438999368687,0,0
526,443,0.20032323232323232,0,0
526,524,0.12446161813446971,0,0
527,332,0.2949747474747475,0,0
527,362,0.21669492993796663,0,0
527,407,0.05942803276909722,0,0
528,211,0.010211498706371752,0,0
528,274,0.03497474747474747,0,0
529,212,0.04101931670217804,0,0
529,335,0.01884249970407197,0,0
530,67,0.36767676767676766,0,0
530,309,0.08464118726325758,0,0
530,431,0.008232765362892315,0,0
530,432,0.0038097795638827895,0,0
531,162,0.0014184573465142367,0,0
531,163,0.5059469696969697,0,0
531,262,0.14038257575757576,0,0
532,170,0.0784965034965035,0,0
532,511,0.03469784325375146,0,0
532,544,0.1665207149621212,0,0
533,510,0.21865792085518648,0,0
533,544,0.024882576326668127,0,0
533,545,0.0149488926600743,0,0
534,49,0.06226818477746212,0,0
534,544,0.29921620046620045,0,0
535,329,0.21491841491841487,0,0
535,546,0.02742957481971154,0,0
536,345,0.11691928676791957,0,0
536,346,0.08040384501566142,0,0
537,292,0.1521340280812937,0,0
537,353,0.017554866195002915,0,0
538,345,0.09426041420059975,0,0
538,547,0.004744570568354444,0,0
539,353,0.22144129281092173,0,0
539,422,0.1480423004458649,0,0
540,292,0.17053525413388695,0,0
540,548,0.011761305304396124,0,0
541,346,0.11515326795600232,0,0
541,548,0.01747164924105842,0,0
542,293,0.05206118994937354,0,0
542,348,0.01883617424242424,0,0
543,347,0.21423834954108392,0,0
543,348,0.08043771043771043,0,0
544,532,0.1665207149621212,0,0
544,533,0.024882576326668127,0,0
544,534,0.29921620046620045,0,0
544,545,0.016722373885337753,0,0
545,355,0.14135832938762627,0,0
545,533,0.0149488926600743,0,0
545,544,0.016722373885337753,0,0
545,546,0.32080050505050506,0,0
546,176,0.0024916025086160584,0,0
546,535,0.02742957481971154,0,0
546,545,0.32080050505050506,0,0
547,380,0.20758364898989898,0,0
547,538,0.004744570568354444,0,0
548,540,0.011761305304396124,0,0
548,541,0.01747164924105842,0,0
0,18,0,0,0
