<NUMBER OF NODES> 548
<NUMBER OF LINKS> 1368
<NUMBER OF ZONES> 110
<FIRST THRU NODE> 111
<END OF METADATA>


~ init_node term_node capacity length free_flow_time alpha beta speed toll link_type ;
	2	359	1250.0	62296.8984375	10.11313286323052	0.15	4	70.0	0	0	;
	3	360	1250.0	22417.400390625	3.639188375101461	0.15	4	70.0	0	0	;
	3	361	1250.0	35648.3984375	5.787077668425325	0.15	4	70.0	0	0	;
	4	362	1250.0	14152.7001953125	2.2975162654728085	0.15	4	70.0	0	0	;
	4	363	1250.0	78040.8984375	12.668977019074676	0.15	4	70.0	0	0	;
	5	364	1250.0	29969.900390625	4.865243569906656	0.15	4	70.0	0	0	;
	5	365	1250.0	9380.4501953125	1.5228003563818995	0.15	4	70.0	0	0	;
	6	195	1250.0	130730.0	21.222402597402596	0.15	4	70.0	0	0	;
	6	366	1250.0	35243.80078125	5.721396230722402	0.15	4	70.0	0	0	;
	7	280	1250.0	22024.900390625	3.5754708426339286	0.15	4	70.0	0	0	;
	7	367	1250.0	6127.89013671875	0.9947873598569401	0.15	4	70.0	0	0	;
	8	368	1250.0	54059.19921875	8.775844029017858	0.15	4	70.0	0	0	;
	8	369	1250.0	57100.6015625	9.26957817573052	0.15	4	70.0	0	0	;
	9	262	1250.0	24945.30078125	4.049561815137987	0.15	4	70.0	0	0	;
	9	370	1250.0	13143.400390625	2.1336688945819806	0.15	4	70.0	0	0	;
	10	371	1250.0	113887.0	18.48814935064935	0.15	4	70.0	0	0	;
	11	372	1250.0	70551.796875	11.453213778409092	0.15	4	70.0	0	0	;
	12	373	1250.0	740.1950073242188	0.12016152716302254	0.15	4	70.0	0	0	;
	12	374	1250.0	12105.7001953125	1.9652110706676136	0.15	4	70.0	0	0	;
	13	304	1250.0	115214.0	18.70357142857143	0.15	4	70.0	0	0	;
	13	375	1250.0	11132.5	1.807224025974026	0.15	4	70.0	0	0	;
	14	279	1250.0	41216.19921875	6.6909414316152604	0.15	4	70.0	0	0	;
	15	113	1250.0	8682.0	1.4094155844155842	0.15	4	70.0	0	0	;
	15	251	1250.0	18421.80078125	2.990552074878247	0.15	4	70.0	0	0	;
	16	376	1250.0	52049.69921875	8.449626496550325	0.15	4	70.0	0	0	;
	16	377	1250.0	913.6900024414062	0.1483262990976309	0.15	4	70.0	0	0	;
	17	378	1250.0	39455.8984375	6.405178317775974	0.15	4	70.0	0	0	;
	17	379	1250.0	2648.860107421875	0.4300097576983563	0.15	4	70.0	0	0	;
	18	380	1250.0	28355.30078125	4.603133243709415	0.15	4	70.0	0	0	;
	18	381	1250.0	23623.5	3.834983766233767	0.15	4	70.0	0	0	;
	19	382	1250.0	10859.599609375	1.7629220145089286	0.15	4	70.0	0	0	;
	19	383	1250.0	8573.58984375	1.3918165330762988	0.15	4	70.0	0	0	;
	20	384	1250.0	6583.5498046875	1.0687580851765421	0.15	4	70.0	0	0	;
	20	385	1250.0	20948.0	3.4006493506493505	0.15	4	70.0	0	0	;
	21	386	1250.0	18760.69921875	3.045568054991883	0.15	4	70.0	0	0	;
	22	327	1250.0	109724.0	17.812337662337665	0.15	4	70.0	0	0	;
	22	387	1250.0	1227.699951171875	0.1993019401253044	0.15	4	70.0	0	0	;
	23	388	1250.0	155313.0	25.21314935064935	0.15	4	70.0	0	0	;
	24	389	1250.0	121440.0	19.714285714285715	0.15	4	70.0	0	0	;
	24	390	1250.0	6630.2001953125	1.0763312005377434	0.15	4	70.0	0	0	;
	25	182	1250.0	73759.203125	11.973896611201297	0.15	4	70.0	0	0	;
	25	185	1250.0	54966.0	8.923051948051949	0.15	4	70.0	0	0	;
	25	186	1250.0	48002.0	7.792532467532468	0.15	4	70.0	0	0	;
	26	303	1250.0	16287.2998046875	2.644042176085633	0.15	4	70.0	0	0	;
	26	391	1250.0	2550.010009765625	0.4139626639229911	0.15	4	70.0	0	0	;
	27	392	1250.0	105513.0	17.128733766233765	0.15	4	70.0	0	0	;
	28	275	1250.0	59317.6015625	9.629480773133118	0.15	4	70.0	0	0	;
	28	393	1250.0	14288.400390625	2.3195455179586038	0.15	4	70.0	0	0	;
	29	394	1250.0	87211.5	14.157711038961038	0.15	4	70.0	0	0	;
	29	395	1250.0	61539.3984375	9.990162084009741	0.15	4	70.0	0	0	;
	30	229	1250.0	34213.8984375	5.554204291801948	0.15	4	70.0	0	0	;
	30	396	1250.0	29364.099609375	4.766899287236201	0.15	4	70.0	0	0	;
	31	397	1250.0	119655.0	19.424512987012985	0.15	4	70.0	0	0	;
	31	398	1250.0	11560.099609375	1.8766395469764612	0.15	4	70.0	0	0	;
	32	399	1250.0	36554.8984375	5.934236759334416	0.15	4	70.0	0	0	;
	32	400	1250.0	11148.5	1.8098214285714285	0.15	4	70.0	0	0	;
	33	201	1250.0	45210.19921875	7.3393180549918835	0.15	4	70.0	0	0	;
	33	401	1250.0	6310.31982421875	1.0244025688666802	0.15	4	70.0	0	0	;
	34	402	1250.0	58943.3984375	9.568733512581169	0.15	4	70.0	0	0	;
	35	176	1250.0	68542.703125	11.127062195616881	0.15	4	70.0	0	0	;
	35	403	1250.0	24728.5	4.0143668831168835	0.15	4	70.0	0	0	;
	36	198	1250.0	66476.703125	10.791672585227273	0.15	4	70.0	0	0	;
	36	200	1250.0	68902.3984375	11.18545429180195	0.15	4	70.0	0	0	;
	37	404	1250.0	65411.30078125	10.61871765929383	0.15	4	70.0	0	0	;
	37	405	1250.0	92401.203125	15.0001953125	0.15	4	70.0	0	0	;
	38	406	1250.0	15678.599609375	2.5452272093141235	0.15	4	70.0	0	0	;
	38	407	1250.0	57578.80078125	9.34720791903409	0.15	4	70.0	0	0	;
	39	402	1250.0	40341.6015625	6.548961292613637	0.15	4	70.0	0	0	;
	39	408	1250.0	12649.099609375	2.0534252612621753	0.15	4	70.0	0	0	;
	40	224	1250.0	74324.5	12.065665584415584	0.15	4	70.0	0	0	;
	40	288	1250.0	105514.0	17.128896103896103	0.15	4	70.0	0	0	;
	41	409	1250.0	105218.0	17.080844155844154	0.15	4	70.0	0	0	;
	42	410	1250.0	15018.599609375	2.4380843521712663	0.15	4	70.0	0	0	;
	42	411	1250.0	6408.10009765625	1.0402759898792613	0.15	4	70.0	0	0	;
	43	412	1250.0	12040.0	1.9545454545454546	0.15	4	70.0	0	0	;
	43	413	1250.0	156956.0	25.479870129870132	0.15	4	70.0	0	0	;
	44	414	1250.0	21078.099609375	3.421769417106331	0.15	4	70.0	0	0	;
	44	415	1250.0	158229.0	25.686525974025976	0.15	4	70.0	0	0	;
	45	163	1250.0	94122.1015625	15.279561941964287	0.15	4	70.0	0	0	;
	45	416	1250.0	3773.5400390625	0.6125876686789772	0.15	4	70.0	0	0	;
	46	417	1250.0	5553.52978515625	0.9015470430448459	0.15	4	70.0	0	0	;
	46	418	1250.0	100169.0	16.261201298701298	0.15	4	70.0	0	0	;
	47	419	1250.0	4096.02001953125	0.6649383148589691	0.15	4	70.0	0	0	;
	48	349	1250.0	122796.0	19.934415584415586	0.15	4	70.0	0	0	;
	48	420	1250.0	26894.80078125	4.36603908786526	0.15	4	70.0	0	0	;
	49	183	1250.0	59576.0	9.67142857142857	0.15	4	70.0	0	0	;
	49	301	1250.0	50823.19921875	8.250519353693182	0.15	4	70.0	0	0	;
	49	421	1250.0	29605.5	4.806087662337663	0.15	4	70.0	0	0	;
	49	422	1250.0	2375.14990234375	0.3855762828480113	0.15	4	70.0	0	0	;
	49	534	1250.0	16438.80078125	2.6686364904626623	0.15	4	70.0	0	0	;
	50	294	1250.0	9649.4296875	1.5664658583603897	0.15	4	70.0	0	0	;
	50	423	1250.0	21063.900390625	3.419464349127435	0.15	4	70.0	0	0	;
	51	424	1250.0	1813.829956054688	0.2944529149439429	0.15	4	70.0	0	0	;
	51	425	1250.0	98250.203125	15.949708299512986	0.15	4	70.0	0	0	;
	52	426	1250.0	131814.0	21.398376623376624	0.15	4	70.0	0	0	;
	52	427	1250.0	279.6470031738281	0.04539724077497209	0.15	4	70.0	0	0	;
	53	428	1250.0	4765.330078125	0.7735925451501623	0.15	4	70.0	0	0	;
	54	429	1250.0	7380.169921875	1.1980795327719154	0.15	4	70.0	0	0	;
	54	430	1250.0	138464.0	22.477922077922077	0.15	4	70.0	0	0	;
	55	431	1250.0	1506.739990234375	0.24460064776532062	0.15	4	70.0	0	0	;
	55	432	1250.0	2857.77001953125	0.4639237044693587	0.15	4	70.0	0	0	;
	56	237	1250.0	52208.6015625	8.475422331574677	0.15	4	70.0	0	0	;
	56	433	1250.0	17103.19921875	2.7764933796672078	0.15	4	70.0	0	0	;
	57	322	1250.0	147004.0	23.864285714285714	0.15	4	70.0	0	0	;
	57	434	1250.0	46666.80078125	7.575779347605521	0.15	4	70.0	0	0	;
	58	435	1250.0	40610.30078125	6.592581295657467	0.15	4	70.0	0	0	;
	59	436	1250.0	2378.030029296875	0.38604383592481734	0.15	4	70.0	0	0	;
	59	437	1250.0	104979.0	17.042045454545455	0.15	4	70.0	0	0	;
	60	367	1250.0	112032.0	18.187012987012988	0.15	4	70.0	0	0	;
	60	438	1250.0	58235.30078125	9.453782594358765	0.15	4	70.0	0	0	;
	61	129	1250.0	151205.0	24.546266233766232	0.15	4	70.0	0	0	;
	61	439	1250.0	7290.6298828125	1.1835438121448865	0.15	4	70.0	0	0	;
	62	440	1250.0	25119.900390625	4.077905907568993	0.15	4	70.0	0	0	;
	62	441	1250.0	120482.0	19.558766233766235	0.15	4	70.0	0	0	;
	63	442	1250.0	132084.0	21.442207792207792	0.15	4	70.0	0	0	;
	63	443	1250.0	115689.0	18.78068181818182	0.15	4	70.0	0	0	;
	64	444	1250.0	14529.7001953125	2.358717564174107	0.15	4	70.0	0	0	;
	64	445	1250.0	38555.69921875	6.2590420809659095	0.15	4	70.0	0	0	;
	65	446	1250.0	2674.85009765625	0.43422891195718344	0.15	4	70.0	0	0	;
	65	447	1250.0	45564.0	7.396753246753246	0.15	4	70.0	0	0	;
	66	319	1250.0	56443.69921875	9.162938184862014	0.15	4	70.0	0	0	;
	66	448	1250.0	3025.590087890625	0.4911672220601664	0.15	4	70.0	0	0	;
	67	449	1250.0	29782.80078125	4.834870256696429	0.15	4	70.0	0	0	;
	67	530	1250.0	145600.0	23.636363636363637	0.15	4	70.0	0	0	;
	68	419	1250.0	138294.0	22.450324675324673	0.15	4	70.0	0	0	;
	68	450	1250.0	10970.400390625	1.7809091543222402	0.15	4	70.0	0	0	;
	69	451	1250.0	117536.0	19.08051948051948	0.15	4	70.0	0	0	;
	69	452	1250.0	39418.69921875	6.399139483563312	0.15	4	70.0	0	0	;
	70	453	1250.0	13306.7001953125	2.1601786031351464	0.15	4	70.0	0	0	;
	70	454	1250.0	8420.6103515625	1.3669821999289773	0.15	4	70.0	0	0	;
	71	408	1250.0	61948.0	10.056493506493506	0.15	4	70.0	0	0	;
	71	455	1250.0	4731.75	0.7681412337662337	0.15	4	70.0	0	0	;
	72	456	1250.0	6558.22998046875	1.0646477241020698	0.15	4	70.0	0	0	;
	72	457	1250.0	7095.169921875	1.1518132990056817	0.15	4	70.0	0	0	;
	73	433	1250.0	90349.796875	14.66717481737013	0.15	4	70.0	0	0	;
	73	458	1250.0	2362.14990234375	0.38346589323762176	0.15	4	70.0	0	0	;
	74	240	1250.0	35116.30078125	5.70069817877435	0.15	4	70.0	0	0	;
	74	459	1250.0	23138.099609375	3.7561850015219154	0.15	4	70.0	0	0	;
	75	460	1250.0	26034.400390625	4.226363699776786	0.15	4	70.0	0	0	;
	75	461	1250.0	62371.8984375	10.125308187905844	0.15	4	70.0	0	0	;
	76	243	1250.0	22298.69921875	3.6199187043425325	0.15	4	70.0	0	0	;
	76	462	1250.0	114130.0	18.527597402597404	0.15	4	70.0	0	0	;
	77	285	1250.0	64820.69921875	10.52284078226461	0.15	4	70.0	0	0	;
	77	463	1250.0	28105.5	4.562581168831169	0.15	4	70.0	0	0	;
	78	464	1250.0	110487.0	17.9362012987013	0.15	4	70.0	0	0	;
	78	465	1250.0	6055.64013671875	0.983058463753044	0.15	4	70.0	0	0	;
	79	290	1250.0	1532.81005859375	0.24883280171976466	0.15	4	70.0	0	0	;
	79	466	1250.0	120818.0	19.61331168831169	0.15	4	70.0	0	0	;
	80	467	1250.0	133881.0	21.73392857142857	0.15	4	70.0	0	0	;
	80	468	1250.0	110137.0	17.87938311688312	0.15	4	70.0	0	0	;
	81	469	1250.0	109760.0	17.81818181818182	0.15	4	70.0	0	0	;
	81	470	1250.0	74166.1015625	12.039951552353896	0.15	4	70.0	0	0	;
	82	471	1250.0	59872.69921875	9.719594029017857	0.15	4	70.0	0	0	;
	83	472	1250.0	24531.0	3.982305194805195	0.15	4	70.0	0	0	;
	83	473	1250.0	1746.569946289062	0.2835340821897828	0.15	4	70.0	0	0	;
	84	281	1250.0	157236.0	25.525324675324676	0.15	4	70.0	0	0	;
	84	474	1250.0	3924.669921875	0.6371217405641234	0.15	4	70.0	0	0	;
	85	475	1250.0	32277.5	5.239853896103896	0.15	4	70.0	0	0	;
	85	476	1250.0	23695.0	3.8465909090909087	0.15	4	70.0	0	0	;
	86	477	1250.0	78939.0	12.814772727272729	0.15	4	70.0	0	0	;
	86	478	1250.0	70357.203125	11.421623883928572	0.15	4	70.0	0	0	;
	87	434	1250.0	38342.8984375	6.224496499594156	0.15	4	70.0	0	0	;
	88	479	1250.0	54569.30078125	8.858652724228895	0.15	4	70.0	0	0	;
	88	480	1250.0	123432.0	20.037662337662336	0.15	4	70.0	0	0	;
	89	481	1250.0	90081.8984375	14.623684811282468	0.15	4	70.0	0	0	;
	89	482	1250.0	48822.69921875	7.925762860186689	0.15	4	70.0	0	0	;
	90	246	1250.0	27543.80078125	4.471396230722403	0.15	4	70.0	0	0	;
	90	483	1250.0	288.4089965820312	0.046819642302277795	0.15	4	70.0	0	0	;
	91	468	1250.0	145049.0	23.546915584415586	0.15	4	70.0	0	0	;
	91	484	1250.0	5458.31005859375	0.886089295226258	0.15	4	70.0	0	0	;
	92	485	1250.0	140034.0	22.73279220779221	0.15	4	70.0	0	0	;
	92	486	1250.0	150643.0	24.45503246753247	0.15	4	70.0	0	0	;
	93	487	1250.0	103888.0	16.864935064935064	0.15	4	70.0	0	0	;
	93	488	1250.0	112242.0	18.221103896103894	0.15	4	70.0	0	0	;
	94	489	1250.0	2204.02001953125	0.35779545771611204	0.15	4	70.0	0	0	;
	94	490	1250.0	82649.203125	13.417078429383116	0.15	4	70.0	0	0	;
	95	390	1250.0	120800.0	19.61038961038961	0.15	4	70.0	0	0	;
	95	491	1250.0	8805.2802734375	1.4294286158177758	0.15	4	70.0	0	0	;
	96	492	1250.0	38990.3984375	6.329610135957792	0.15	4	70.0	0	0	;
	96	493	1250.0	16537.30078125	2.684626750202922	0.15	4	70.0	0	0	;
	97	494	1250.0	9499.51953125	1.542129794034091	0.15	4	70.0	0	0	;
	97	495	1250.0	65929.796875	10.702889103084415	0.15	4	70.0	0	0	;
	98	218	1250.0	15836.2998046875	2.5708278903713473	0.15	4	70.0	0	0	;
	98	496	1250.0	2836.530029296875	0.46047565410663555	0.15	4	70.0	0	0	;
	99	408	1250.0	91306.8984375	14.822548447646104	0.15	4	70.0	0	0	;
	99	497	1250.0	10092.2001953125	1.6383441875507305	0.15	4	70.0	0	0	;
	100	498	1250.0	325.6960144042969	0.05287272961108715	0.15	4	70.0	0	0	;
	100	499	1250.0	58938.3984375	9.56792182426948	0.15	4	70.0	0	0	;
	101	500	1250.0	4004.860107421875	0.6501396278282264	0.15	4	70.0	0	0	;
	101	501	1250.0	49615.5	8.054464285714285	0.15	4	70.0	0	0	;
	102	502	1250.0	1920.2099609375	0.31172239625608766	0.15	4	70.0	0	0	;
	102	503	1250.0	66323.203125	10.76675375405844	0.15	4	70.0	0	0	;
	103	387	1250.0	33070.69921875	5.368620003043831	0.15	4	70.0	0	0	;
	103	504	1250.0	15761.5	2.558685064935065	0.15	4	70.0	0	0	;
	104	505	1250.0	926.5029907226562	0.15040632966276887	0.15	4	70.0	0	0	;
	104	506	1250.0	4784.64990234375	0.7767288802506088	0.15	4	70.0	0	0	;
	105	507	1250.0	95322.0	15.47435064935065	0.15	4	70.0	0	0	;
	105	508	1250.0	10428.0	1.692857142857143	0.15	4	70.0	0	0	;
	106	189	1250.0	86625.796875	14.062629362824675	0.15	4	70.0	0	0	;
	106	509	1250.0	8086.31005859375	1.3127126718496347	0.15	4	70.0	0	0	;
	107	510	1250.0	11028.400390625	1.7903247387378247	0.15	4	70.0	0	0	;
	107	511	1250.0	104979.0	17.042045454545455	0.15	4	70.0	0	0	;
	108	512	1250.0	5311.35009765625	0.8622321587104302	0.15	4	70.0	0	0	;
	108	513	1250.0	5002.4599609375	0.8120876559963475	0.15	4	70.0	0	0	;
	109	514	1250.0	47302.3984375	7.678960785308441	0.15	4	70.0	0	0	;
	110	180	1250.0	42595.30078125	6.914821555397728	0.15	4	70.0	0	0	;
	110	288	1250.0	13735.900390625	2.2298539595170452	0.15	4	70.0	0	0	;
	111	483	1000.0	4591.91015625	0.948741767820248	0.15	4	55.0	0	0	;
	111	524	1000.0	2542.1201171875	0.5777545720880682	0.15	4	50.0	0	0	;
	112	1	90000.0	10.0	0.0016233766233766235	0.15	4	70.0	0	0	;
	112	113	1000.0	70942.8984375	11.516704291801947	0.15	4	70.0	0	0	;
	113	15	1000.0	8682.0	2.1924242424242424	0.15	4	45.0	0	0	;
	113	112	1000.0	70942.8984375	11.516704291801947	0.15	4	70.0	0	0	;
	113	251	1000.0	16231.7998046875	3.353677645596591	0.15	4	55.0	0	0	;
	114	115	500.0	107113.0	18.726048951048952	0.15	4	65.0	0	0	;
	114	125	500.0	36602.5	6.932291666666667	0.15	4	60.0	0	0	;
	114	126	500.0	2417.75	0.49953512396694216	0.15	4	55.0	0	0	;
	115	114	500.0	107113.0	18.726048951048952	0.15	4	65.0	0	0	;
	115	128	1000.0	82706.0	15.664015151515153	0.15	4	60.0	0	0	;
	116	118	1500.0	2174.580078125	0.38017134232954547	0.15	4	65.0	0	0	;
	117	248	750.0	1407.56005859375	0.2908181939243285	0.15	4	55.0	0	0	;
	118	116	1500.0	2174.580078125	0.38017134232954547	0.15	4	65.0	0	0	;
	118	248	3500.0	16016.7001953125	2.8001224117679198	0.15	4	65.0	0	0	;
	118	299	1000.0	83290.6015625	14.561293979458043	0.15	4	65.0	0	0	;
	119	239	1000.0	881.9310302734375	0.15418374655130024	0.15	4	65.0	0	0	;
	119	240	1000.0	2704.169921875	0.4727569793487762	0.15	4	65.0	0	0	;
	120	130	1000.0	9470.0302734375	1.537342576856737	0.15	4	70.0	0	0	;
	120	320	1000.0	49504.19921875	8.036395977069805	0.15	4	70.0	0	0	;
	120	389	500.0	63013.6015625	10.229480773133117	0.15	4	70.0	0	0	;
	121	321	500.0	41315.5	6.259924242424242	0.15	4	75.0	0	0	;
	121	389	750.0	3622.5	0.7484504132231404	0.15	4	55.0	0	0	;
	121	390	500.0	141587.0	21.452575757575758	0.15	4	75.0	0	0	;
	122	123	1000.0	82714.296875	13.427645596590908	0.15	4	70.0	0	0	;
	122	124	1000.0	28123.80078125	5.8107026407541325	0.15	4	55.0	0	0	;
	123	122	1000.0	82714.296875	13.427645596590908	0.15	4	70.0	0	0	;
	123	302	500.0	329.8290100097656	0.08329015404287012	0.15	4	45.0	0	0	;
	123	303	1500.0	9490.0595703125	2.69603965065696	0.15	4	40.0	0	0	;
	124	122	1000.0	28123.80078125	5.8107026407541325	0.15	4	55.0	0	0	;
	124	493	1000.0	3875.25	0.5871590909090909	0.15	4	75.0	0	0	;
	124	526	1000.0	94995.296875	14.393226799242425	0.15	4	75.0	0	0	;
	125	114	500.0	36602.5	6.932291666666667	0.15	4	60.0	0	0	;
	125	395	2000.0	72380.796875	10.96678740530303	0.15	4	75.0	0	0	;
	126	114	500.0	2417.75	0.49953512396694216	0.15	4	55.0	0	0	;
	127	348	1000.0	503.0090026855469	0.08793863683313757	0.15	4	65.0	0	0	;
	128	115	1000.0	82706.0	15.664015151515153	0.15	4	60.0	0	0	;
	128	139	1500.0	49845.5	8.714248251748252	0.15	4	65.0	0	0	;
	128	140	1000.0	44693.30078125	8.464640299479166	0.15	4	60.0	0	0	;
	129	61	500.0	151205.0	24.546266233766232	0.15	4	70.0	0	0	;
	129	456	1000.0	7576.97998046875	1.5654917315018078	0.15	4	55.0	0	0	;
	130	120	1000.0	9470.0302734375	1.537342576856737	0.15	4	70.0	0	0	;
	130	350	500.0	115930.0	18.819805194805195	0.15	4	70.0	0	0	;
	130	456	500.0	112020.0	18.185064935064933	0.15	4	70.0	0	0	;
	131	132	1000.0	39335.6015625	8.127190405475206	0.15	4	55.0	0	0	;
	131	134	1500.0	32047.5	7.283522727272727	0.15	4	50.0	0	0	;
	131	135	1500.0	2047.329956054688	0.42300205703609256	0.15	4	55.0	0	0	;
	132	131	1000.0	39335.6015625	8.127190405475206	0.15	4	55.0	0	0	;
	133	292	1500.0	4213.14013671875	0.8704834993220558	0.15	4	55.0	0	0	;
	134	131	1500.0	32047.5	7.283522727272727	0.15	4	50.0	0	0	;
	134	465	1000.0	39709.69921875	6.942255108173077	0.15	4	65.0	0	0	;
	135	131	1500.0	2047.329956054688	0.42300205703609256	0.15	4	55.0	0	0	;
	136	520	1000.0	482.8869934082031	0.09145586996367483	0.15	4	60.0	0	0	;
	137	144	1000.0	7898.169921875	2.9917310310132574	0.15	4	30.0	0	0	;
	138	167	500.0	18105.0	2.743181818181818	0.15	4	75.0	0	0	;
	138	264	500.0	193152.0	29.265454545454542	0.15	4	75.0	0	0	;
	138	401	500.0	65339.6015625	10.60707817573052	0.15	4	70.0	0	0	;
	139	128	1500.0	49845.5	8.714248251748252	0.15	4	65.0	0	0	;
	139	140	1500.0	26492.099609375	5.473574299457644	0.15	4	55.0	0	0	;
	139	348	1500.0	34698.69921875	6.066206157124126	0.15	4	65.0	0	0	;
	140	128	1000.0	44693.30078125	8.464640299479166	0.15	4	60.0	0	0	;
	140	139	1500.0	26492.099609375	5.473574299457644	0.15	4	55.0	0	0	;
	140	349	1500.0	29047.69921875	5.5014581853693185	0.15	4	60.0	0	0	;
	141	339	500.0	1077.280029296875	0.1632242468631629	0.15	4	75.0	0	0	;
	142	340	1000.0	45.40010070800781	0.007370146218832438	0.15	4	70.0	0	0	;
	143	260	500.0	293798.0	74.19141414141414	0.15	4	45.0	0	0	;
	143	521	1000.0	7055.39013671875	2.0043721979314633	0.15	4	40.0	0	0	;
	144	137	1000.0	7898.169921875	2.9917310310132574	0.15	4	30.0	0	0	;
	144	160	1000.0	20667.30078125	6.710162591314934	0.15	4	35.0	0	0	;
	144	521	1500.0	109195.0	19.090034965034963	0.15	4	65.0	0	0	;
	145	333	1000.0	500.9289855957031	0.16263928103756595	0.15	4	35.0	0	0	;
	146	225	500.0	21163.69921875	4.0082763671875	0.15	4	60.0	0	0	;
	146	489	500.0	154762.0	31.97561983471075	0.15	4	55.0	0	0	;
	146	496	500.0	160079.0	25.986850649350647	0.15	4	70.0	0	0	;
	147	148	1500.0	24145.69921875	3.6584392755681816	0.15	4	75.0	0	0	;
	147	331	1000.0	119979.0	18.17863636363636	0.15	4	75.0	0	0	;
	148	147	1500.0	24145.69921875	3.6584392755681816	0.15	4	75.0	0	0	;
	148	351	2500.0	116321.0	17.62439393939394	0.15	4	75.0	0	0	;
	148	429	500.0	25836.900390625	4.516940627731643	0.15	4	65.0	0	0	;
	149	289	500.0	853.843994140625	0.1492734255490603	0.15	4	65.0	0	0	;
	150	344	1000.0	541.6279907226562	0.11190660965344137	0.15	4	55.0	0	0	;
	151	430	500.0	240878.0	39.10357142857143	0.15	4	70.0	0	0	;
	151	471	1000.0	55122.80078125	8.948506620332793	0.15	4	70.0	0	0	;
	152	230	500.0	31474.30078125	6.5029547068698355	0.15	4	55.0	0	0	;
	152	430	1000.0	16710.69921875	3.4526238055268594	0.15	4	55.0	0	0	;
	152	525	750.0	58866.69921875	9.55628234070617	0.15	4	70.0	0	0	;
	153	291	500.0	131188.0	21.296753246753248	0.15	4	70.0	0	0	;
	153	315	500.0	18835.599609375	3.5673484108664772	0.15	4	60.0	0	0	;
	153	316	750.0	12914.5	2.668285123966942	0.15	4	55.0	0	0	;
	154	155	500.0	87564.8984375	15.308548677884616	0.15	4	65.0	0	0	;
	155	154	500.0	87564.8984375	15.308548677884616	0.15	4	65.0	0	0	;
	155	285	1000.0	44056.6015625	6.675242660984849	0.15	4	75.0	0	0	;
	155	328	1000.0	45153.1015625	6.841379024621212	0.15	4	75.0	0	0	;
	156	505	1000.0	116288.0	24.026446280991735	0.15	4	55.0	0	0	;
	157	158	500.0	64172.30078125	12.153844844933712	0.15	4	60.0	0	0	;
	157	375	500.0	174505.0	26.440151515151513	0.15	4	75.0	0	0	;
	157	412	500.0	51087.30078125	10.55522743414256	0.15	4	55.0	0	0	;
	158	157	500.0	64172.30078125	12.153844844933712	0.15	4	60.0	0	0	;
	158	519	500.0	10763.599609375	1.8817481834571677	0.15	4	65.0	0	0	;
	159	347	1000.0	252.8190002441406	0.04788238640987511	0.15	4	60.0	0	0	;
	160	144	1000.0	20667.30078125	6.710162591314934	0.15	4	35.0	0	0	;
	160	509	500.0	61872.5	12.78357438016529	0.15	4	55.0	0	0	;
	160	520	1000.0	101054.0	17.66678321678322	0.15	4	65.0	0	0	;
	161	189	2000.0	40862.8984375	8.442747611053719	0.15	4	55.0	0	0	;
	161	509	500.0	59223.69921875	12.236301491477272	0.15	4	55.0	0	0	;
	162	531	500.0	411.9200134277344	0.08510744079085421	0.15	4	55.0	0	0	;
	163	45	500.0	94122.1015625	23.768207465277776	0.15	4	45.0	0	0	;
	163	189	1000.0	24738.80078125	4.01603908786526	0.15	4	70.0	0	0	;
	163	193	1000.0	91686.703125	13.891924715909092	0.15	4	75.0	0	0	;
	163	531	500.0	146927.0	30.356818181818184	0.15	4	55.0	0	0	;
	164	1	90000.0	10.0	0.0016233766233766235	0.15	4	70.0	0	0	;
	164	266	1000.0	2144.43994140625	0.3249151426373106	0.15	4	75.0	0	0	;
	164	479	1000.0	129056.0	19.553939393939395	0.15	4	75.0	0	0	;
	164	480	500.0	40772.30078125	6.618879996956169	0.15	4	70.0	0	0	;
	165	167	500.0	15770.599609375	2.757097833806818	0.15	4	65.0	0	0	;
	165	480	500.0	192141.0	31.191720779220777	0.15	4	70.0	0	0	;
	165	502	500.0	178451.0	27.0380303030303	0.15	4	75.0	0	0	;
	166	1	90000.0	10.0	0.0016233766233766235	0.15	4	70.0	0	0	;
	166	502	500.0	124878.0	18.920909090909092	0.15	4	75.0	0	0	;
	167	138	500.0	18105.0	2.743181818181818	0.15	4	75.0	0	0	;
	167	165	500.0	15770.599609375	2.757097833806818	0.15	4	65.0	0	0	;
	167	210	500.0	93656.296875	14.190348011363636	0.15	4	75.0	0	0	;
	167	337	500.0	173534.0	26.293030303030303	0.15	4	75.0	0	0	;
	168	169	500.0	26659.19921875	4.0392726089015145	0.15	4	75.0	0	0	;
	168	242	1000.0	61622.8984375	10.773233992569931	0.15	4	65.0	0	0	;
	169	168	500.0	26659.19921875	4.0392726089015145	0.15	4	75.0	0	0	;
	169	244	500.0	57780.69921875	10.101520842438811	0.15	4	65.0	0	0	;
	170	347	2000.0	45307.30078125	7.920856779938811	0.15	4	65.0	0	0	;
	170	532	2000.0	26940.0	4.70979020979021	0.15	4	65.0	0	0	;
	171	125	2000.0	29966.0	5.238811188811189	0.15	4	65.0	0	0	;
	171	511	1500.0	47440.19921875	8.293741122159092	0.15	4	65.0	0	0	;
	172	320	1000.0	11200.099609375	2.3140701672262396	0.15	4	55.0	0	0	;
	172	508	1000.0	8595.7998046875	1.5027622036166957	0.15	4	65.0	0	0	;
	173	319	500.0	121871.0	23.08162878787879	0.15	4	60.0	0	0	;
	173	321	1000.0	24702.19921875	5.103760169163223	0.15	4	55.0	0	0	;
	174	175	1000.0	20155.69921875	4.164400665030992	0.15	4	55.0	0	0	;
	174	354	1500.0	83693.6015625	17.29206643853306	0.15	4	55.0	0	0	;
	175	174	1000.0	20155.69921875	4.164400665030992	0.15	4	55.0	0	0	;
	175	380	2000.0	6162.080078125	1.07728672694493	0.15	4	65.0	0	0	;
	176	35	1000.0	68542.703125	14.161715521694214	0.15	4	55.0	0	0	;
	176	300	1500.0	54391.5	9.509003496503496	0.15	4	65.0	0	0	;
	176	345	1000.0	80564.0	14.084615384615384	0.15	4	65.0	0	0	;
	176	546	2500.0	855.1179809570312	0.1494961505169635	0.15	4	65.0	0	0	;
	177	353	1500.0	172207.0	30.106118881118885	0.15	4	65.0	0	0	;
	178	1	90000.0	10.0	0.0016233766233766235	0.15	4	70.0	0	0	;
	178	434	1500.0	110769.0	17.98198051948052	0.15	4	70.0	0	0	;
	179	286	1000.0	20946.69921875	3.6620103529283217	0.15	4	65.0	0	0	;
	179	405	1000.0	26883.400390625	4.0732424834280305	0.15	4	75.0	0	0	;
	180	1	90000.0	10.0	0.0016233766233766235	0.15	4	70.0	0	0	;
	180	110	500.0	42595.30078125	8.800681979597108	0.15	4	55.0	0	0	;
	181	403	1000.0	14364.0	2.3318181818181816	0.15	4	70.0	0	0	;
	182	1	90000.0	10.0	0.0016233766233766235	0.15	4	70.0	0	0	;
	182	25	1000.0	73759.203125	16.76345525568182	0.15	4	50.0	0	0	;
	183	49	500.0	59576.0	13.54	0.15	4	50.0	0	0	;
	183	346	2500.0	776.301025390625	0.13571696248087853	0.15	4	65.0	0	0	;
	184	217	1500.0	53828.1015625	9.41050726617133	0.15	4	65.0	0	0	;
	184	528	3000.0	77345.6015625	11.719030539772728	0.15	4	75.0	0	0	;
	185	1	90000.0	10.0	0.0016233766233766235	0.15	4	70.0	0	0	;
	185	25	1000.0	54966.0	12.492272727272727	0.15	4	50.0	0	0	;
	185	214	500.0	6697.0	1.0871753246753246	0.15	4	70.0	0	0	;
	186	1	90000.0	10.0	0.0016233766233766235	0.15	4	70.0	0	0	;
	186	25	1000.0	48002.0	9.917768595041323	0.15	4	55.0	0	0	;
	186	340	500.0	114628.0	18.60844155844156	0.15	4	70.0	0	0	;
	187	339	1500.0	53686.5	8.134318181818182	0.15	4	75.0	0	0	;
	187	340	500.0	46693.8984375	7.5801783177759745	0.15	4	70.0	0	0	;
	188	260	1500.0	83707.203125	14.634126420454546	0.15	4	65.0	0	0	;
	188	478	1000.0	141853.0	24.799475524475525	0.15	4	65.0	0	0	;
	189	106	500.0	86625.796875	19.687681107954543	0.15	4	50.0	0	0	;
	189	163	1000.0	24738.80078125	4.01603908786526	0.15	4	70.0	0	0	;
	190	195	500.0	156227.0	25.361525974025973	0.15	4	70.0	0	0	;
	190	517	500.0	153.6269989013672	0.023276818015358663	0.15	4	75.0	0	0	;
	191	486	500.0	251.97900390625	0.03817863695549242	0.15	4	75.0	0	0	;
	192	521	500.0	12422.0	2.352651515151515	0.15	4	60.0	0	0	;
	193	163	1000.0	91686.703125	13.891924715909092	0.15	4	75.0	0	0	;
	193	416	500.0	55303.8984375	8.379378551136364	0.15	4	75.0	0	0	;
	193	517	500.0	124082.0	18.80030303030303	0.15	4	75.0	0	0	;
	194	1	90000.0	10.0	0.0016233766233766235	0.15	4	70.0	0	0	;
	194	263	1000.0	11977.5	3.888798701298701	0.15	4	35.0	0	0	;
	195	6	500.0	130730.0	33.012626262626256	0.15	4	45.0	0	0	;
	195	190	500.0	156227.0	25.361525974025973	0.15	4	70.0	0	0	;
	196	209	500.0	5217.2001953125	0.7904848780776514	0.15	4	75.0	0	0	;
	196	366	500.0	101183.0	15.330757575757577	0.15	4	75.0	0	0	;
	196	516	500.0	177726.0	26.928181818181823	0.15	4	75.0	0	0	;
	197	477	500.0	13644.099609375	3.4454796993371213	0.15	4	45.0	0	0	;
	198	36	1000.0	66476.703125	10.072227746212121	0.15	4	75.0	0	0	;
	198	485	500.0	20033.5	3.794223484848485	0.15	4	60.0	0	0	;
	199	200	500.0	80458.703125	12.19071259469697	0.15	4	75.0	0	0	;
	199	201	500.0	104596.0	15.847878787878786	0.15	4	75.0	0	0	;
	199	513	1000.0	65127.8984375	9.867863399621212	0.15	4	75.0	0	0	;
	199	516	2000.0	118737.0	17.990454545454547	0.15	4	75.0	0	0	;
	200	36	1000.0	68902.3984375	15.659636008522728	0.15	4	50.0	0	0	;
	200	199	500.0	80458.703125	12.19071259469697	0.15	4	75.0	0	0	;
	201	33	500.0	45210.19921875	6.850030184659091	0.15	4	75.0	0	0	;
	201	199	500.0	104596.0	15.847878787878786	0.15	4	75.0	0	0	;
	201	401	500.0	49539.69921875	8.042158964082793	0.15	4	70.0	0	0	;
	202	203	500.0	182312.0	29.596103896103898	0.15	4	70.0	0	0	;
	202	205	1000.0	142415.0	21.578030303030303	0.15	4	75.0	0	0	;
	202	512	1000.0	6567.4501953125	2.1322890244521107	0.15	4	35.0	0	0	;
	203	202	500.0	182312.0	29.596103896103898	0.15	4	70.0	0	0	;
	203	454	500.0	30044.19921875	4.877305067978896	0.15	4	70.0	0	0	;
	204	207	1500.0	39398.1015625	6.887779993444056	0.15	4	65.0	0	0	;
	204	453	750.0	16318.0	3.090530303030303	0.15	4	60.0	0	0	;
	204	454	1000.0	27513.19921875	6.947777580492424	0.15	4	45.0	0	0	;
	205	202	1000.0	142415.0	21.578030303030303	0.15	4	75.0	0	0	;
	205	265	1000.0	62902.19921875	10.996887975305944	0.15	4	65.0	0	0	;
	206	265	500.0	1659.93994140625	0.29019929045563814	0.15	4	65.0	0	0	;
	207	204	1500.0	39398.1015625	6.887779993444056	0.15	4	65.0	0	0	;
	208	1	90000.0	10.0	0.0016233766233766235	0.15	4	70.0	0	0	;
	208	474	1000.0	162458.0	33.565702479338846	0.15	4	55.0	0	0	;
	209	196	500.0	5217.2001953125	0.7904848780776514	0.15	4	75.0	0	0	;
	209	264	500.0	4168.02001953125	0.6315181847774621	0.15	4	75.0	0	0	;
	210	167	500.0	93656.296875	14.190348011363636	0.15	4	75.0	0	0	;
	210	341	500.0	173387.0	28.147240259740258	0.15	4	70.0	0	0	;
	210	379	500.0	80981.5	12.269924242424244	0.15	4	75.0	0	0	;
	211	341	500.0	166920.0	27.097402597402596	0.15	4	70.0	0	0	;
	211	528	500.0	3774.169921875	0.6126899223823051	0.15	4	70.0	0	0	;
	212	217	1000.0	78830.6015625	11.944030539772728	0.15	4	75.0	0	0	;
	212	336	1000.0	123835.0	18.762878787878787	0.15	4	75.0	0	0	;
	212	529	1000.0	10829.099609375	2.461159002130682	0.15	4	50.0	0	0	;
	213	215	500.0	315.5079956054688	0.05121883045543325	0.15	4	70.0	0	0	;
	214	185	500.0	6697.0	1.0871753246753246	0.15	4	70.0	0	0	;
	214	339	500.0	98128.8984375	15.930015980113637	0.15	4	70.0	0	0	;
	214	476	500.0	108718.0	17.649025974025975	0.15	4	70.0	0	0	;
	215	213	500.0	315.5079956054688	0.05121883045543325	0.15	4	70.0	0	0	;
	215	335	500.0	3902.889892578125	0.6335860215224229	0.15	4	70.0	0	0	;
	215	489	1000.0	155164.0	23.509696969696968	0.15	4	75.0	0	0	;
	216	219	500.0	75.7759017944336	0.011481197241580848	0.15	4	75.0	0	0	;
	217	184	1500.0	53828.1015625	9.41050726617133	0.15	4	65.0	0	0	;
	217	212	1000.0	78830.6015625	11.944030539772728	0.15	4	75.0	0	0	;
	217	336	1000.0	67953.3984375	10.295969460227273	0.15	4	75.0	0	0	;
	218	98	500.0	15836.2998046875	3.271962769563533	0.15	4	55.0	0	0	;
	218	219	500.0	180896.0	27.408484848484846	0.15	4	75.0	0	0	;
	218	333	500.0	12237.2001953125	1.8541212417140152	0.15	4	75.0	0	0	;
	218	364	500.0	123320.0	18.684848484848484	0.15	4	75.0	0	0	;
	219	216	500.0	75.7759017944336	0.011481197241580848	0.15	4	75.0	0	0	;
	219	218	500.0	180896.0	27.408484848484846	0.15	4	75.0	0	0	;
	219	393	500.0	138688.0	21.013333333333332	0.15	4	75.0	0	0	;
	220	1	90000.0	10.0	0.0016233766233766235	0.15	4	70.0	0	0	;
	220	425	1000.0	43383.8984375	7.042840655438312	0.15	4	70.0	0	0	;
	221	269	1000.0	125299.0	21.90541958041958	0.15	4	65.0	0	0	;
	221	305	1000.0	9677.2802734375	1.5709870573762175	0.15	4	70.0	0	0	;
	221	307	1000.0	46745.30078125	7.5885228540990255	0.15	4	70.0	0	0	;
	222	308	1000.0	50491.80078125	7.65027284564394	0.15	4	75.0	0	0	;
	222	359	1000.0	124862.0	18.918484848484848	0.15	4	75.0	0	0	;
	222	411	500.0	3126.889892578125	0.47377119584517047	0.15	4	75.0	0	0	;
	223	359	500.0	4593.31005859375	1.7398901737097539	0.15	4	30.0	0	0	;
	224	1	90000.0	10.0	0.0016233766233766235	0.15	4	70.0	0	0	;
	224	40	500.0	74324.5	14.076609848484848	0.15	4	60.0	0	0	;
	224	392	1000.0	31719.0	8.009848484848485	0.15	4	45.0	0	0	;
	225	146	500.0	21163.69921875	4.0082763671875	0.15	4	60.0	0	0	;
	225	398	500.0	14073.900390625	2.9078306592200414	0.15	4	55.0	0	0	;
	225	476	1000.0	130005.0	22.72814685314685	0.15	4	65.0	0	0	;
	226	227	1000.0	122.8440017700195	0.019942208079548624	0.15	4	70.0	0	0	;
	226	228	1000.0	112122.0	18.201623376623374	0.15	4	70.0	0	0	;
	226	344	1000.0	21654.19921875	3.515292080965909	0.15	4	70.0	0	0	;
	227	226	1000.0	122.8440017700195	0.019942208079548624	0.15	4	70.0	0	0	;
	227	427	1000.0	118707.0	19.27061688311688	0.15	4	70.0	0	0	;
	228	226	1000.0	112122.0	18.201623376623374	0.15	4	70.0	0	0	;
	228	396	500.0	9460.6796875	1.9546858858471075	0.15	4	55.0	0	0	;
	229	30	500.0	34213.8984375	5.183924005681819	0.15	4	75.0	0	0	;
	229	396	500.0	17416.30078125	2.6388334517045453	0.15	4	75.0	0	0	;
	229	429	500.0	138061.0	20.918333333333333	0.15	4	75.0	0	0	;
	230	152	500.0	31474.30078125	6.5029547068698355	0.15	4	55.0	0	0	;
	230	277	500.0	29831.30078125	5.215262374344405	0.15	4	65.0	0	0	;
	231	277	500.0	326.9880065917969	0.057165735418146305	0.15	4	65.0	0	0	;
	232	525	750.0	312.2619934082031	0.05069188204678622	0.15	4	70.0	0	0	;
	233	278	1000.0	272433.0	51.59715909090909	0.15	4	60.0	0	0	;
	234	360	1000.0	39746.6015625	6.948706566870629	0.15	4	65.0	0	0	;
	234	361	1000.0	1436.43994140625	0.3627373589409722	0.15	4	45.0	0	0	;
	235	327	500.0	88157.703125	13.35722774621212	0.15	4	75.0	0	0	;
	235	432	500.0	13538.2001953125	2.797148800684401	0.15	4	55.0	0	0	;
	236	248	1000.0	52143.5	7.900530303030303	0.15	4	75.0	0	0	;
	236	285	1000.0	34701.19921875	5.257757457386364	0.15	4	75.0	0	0	;
	236	463	500.0	67528.5	11.805681818181817	0.15	4	65.0	0	0	;
	237	56	1000.0	52208.6015625	7.910394176136364	0.15	4	75.0	0	0	;
	237	310	500.0	238016.0	41.61118881118881	0.15	4	65.0	0	0	;
	237	515	500.0	12175.7998046875	2.515661116670971	0.15	4	55.0	0	0	;
	238	420	1000.0	3560.320068359375	0.8091636518998581	0.15	4	50.0	0	0	;
	239	119	1000.0	881.9310302734375	0.15418374655130024	0.15	4	65.0	0	0	;
	239	242	1000.0	55404.80078125	9.686153982736014	0.15	4	65.0	0	0	;
	239	459	500.0	39859.5	9.058977272727272	0.15	4	50.0	0	0	;
	240	74	500.0	35116.30078125	9.976221812855114	0.15	4	40.0	0	0	;
	240	119	1000.0	2704.169921875	0.4727569793487762	0.15	4	65.0	0	0	;
	240	241	500.0	123384.0	23.368181818181817	0.15	4	60.0	0	0	;
	241	240	500.0	123384.0	23.368181818181817	0.15	4	60.0	0	0	;
	242	168	1000.0	61622.8984375	10.773233992569931	0.15	4	65.0	0	0	;
	242	239	1000.0	55404.80078125	9.686153982736014	0.15	4	65.0	0	0	;
	242	243	500.0	113109.0	21.42215909090909	0.15	4	60.0	0	0	;
	243	76	500.0	22298.69921875	4.2232384883996215	0.15	4	60.0	0	0	;
	243	242	500.0	113109.0	21.42215909090909	0.15	4	60.0	0	0	;
	244	169	500.0	57780.69921875	10.101520842438811	0.15	4	65.0	0	0	;
	244	245	500.0	103941.0	18.171503496503497	0.15	4	65.0	0	0	;
	245	244	500.0	103941.0	18.171503496503497	0.15	4	65.0	0	0	;
	246	90	1000.0	27543.80078125	8.942792461444807	0.15	4	35.0	0	0	;
	246	523	1500.0	481.4840087890625	0.1215868709063289	0.15	4	45.0	0	0	;
	247	326	2000.0	80239.203125	12.157455018939395	0.15	4	75.0	0	0	;
	247	448	1000.0	238265.0	36.10075757575758	0.15	4	75.0	0	0	;
	248	117	750.0	1407.56005859375	0.2908181939243285	0.15	4	55.0	0	0	;
	248	118	3500.0	16016.7001953125	2.8001224117679198	0.15	4	65.0	0	0	;
	248	236	1000.0	52143.5	7.900530303030303	0.15	4	75.0	0	0	;
	249	1	90000.0	10.0	0.0016233766233766235	0.15	4	70.0	0	0	;
	249	469	500.0	6614.240234375	1.3665785608212808	0.15	4	55.0	0	0	;
	250	499	1000.0	102293.0	21.134917355371904	0.15	4	55.0	0	0	;
	251	15	750.0	18421.80078125	6.977954841382576	0.15	4	30.0	0	0	;
	251	113	1000.0	16231.7998046875	3.353677645596591	0.15	4	55.0	0	0	;
	251	371	1000.0	6953.77001953125	1.3170018976384943	0.15	4	60.0	0	0	;
	252	492	1000.0	7134.490234375	1.4740682302427686	0.15	4	55.0	0	0	;
	252	498	1000.0	72883.296875	11.83170403814935	0.15	4	70.0	0	0	;
	253	492	500.0	9465.33984375	1.9556487280475205	0.15	4	55.0	0	0	;
	253	526	1000.0	64038.8984375	9.702863399621211	0.15	4	75.0	0	0	;
	254	524	1000.0	214.3679962158203	0.04429090830905378	0.15	4	55.0	0	0	;
	255	1	90000.0	10.0	0.0016233766233766235	0.15	4	70.0	0	0	;
	255	400	1000.0	112027.0	18.1862012987013	0.15	4	70.0	0	0	;
	256	1	90000.0	10.0	0.0016233766233766235	0.15	4	70.0	0	0	;
	256	372	1500.0	93313.796875	15.148343648538958	0.15	4	70.0	0	0	;
	257	311	1000.0	99640.296875	15.097014678030304	0.15	4	75.0	0	0	;
	258	436	1000.0	143952.0	21.810909090909092	0.15	4	75.0	0	0	;
	258	443	1000.0	687.2550048828125	0.10412954619436554	0.15	4	75.0	0	0	;
	258	522	1000.0	36589.3984375	6.929810310132575	0.15	4	60.0	0	0	;
	259	522	1000.0	829.3599853515625	0.20943433973524306	0.15	4	45.0	0	0	;
	260	143	500.0	293798.0	74.19141414141414	0.15	4	45.0	0	0	;
	260	188	1500.0	83707.203125	14.634126420454546	0.15	4	65.0	0	0	;
	260	189	3000.0	161326.0	28.203846153846154	0.15	4	65.0	0	0	;
	260	370	750.0	70723.6015625	10.715697206439394	0.15	4	75.0	0	0	;
	260	531	1000.0	36597.19921875	5.545030184659091	0.15	4	75.0	0	0	;
	261	187	1500.0	162033.0	24.550454545454546	0.15	4	75.0	0	0	;
	261	282	1000.0	25439.19921875	4.129740132913962	0.15	4	70.0	0	0	;
	262	9	1000.0	24945.30078125	3.7795910274621214	0.15	4	75.0	0	0	;
	262	370	1000.0	21465.099609375	3.252287819602272	0.15	4	75.0	0	0	;
	263	194	1000.0	11977.5	3.888798701298701	0.15	4	35.0	0	0	;
	263	503	1000.0	77906.6015625	13.6200352381993	0.15	4	65.0	0	0	;
	263	514	500.0	244002.0	36.97	0.15	4	75.0	0	0	;
	264	138	500.0	193152.0	29.265454545454542	0.15	4	75.0	0	0	;
	264	209	500.0	4168.02001953125	0.6315181847774621	0.15	4	75.0	0	0	;
	264	503	500.0	202375.0	30.662878787878785	0.15	4	75.0	0	0	;
	265	205	1000.0	62902.19921875	10.996887975305944	0.15	4	65.0	0	0	;
	265	206	500.0	1659.93994140625	0.29019929045563814	0.15	4	65.0	0	0	;
	265	453	1500.0	17793.19921875	3.110699164117133	0.15	4	65.0	0	0	;
	266	1	90000.0	10.0	0.0016233766233766235	0.15	4	70.0	0	0	;
	266	164	1000.0	2144.43994140625	0.3249151426373106	0.15	4	75.0	0	0	;
	267	1	90000.0	10.0	0.0016233766233766235	0.15	4	70.0	0	0	;
	267	409	1000.0	95091.1015625	14.407742660984848	0.15	4	75.0	0	0	;
	268	269	500.0	16737.099609375	2.717061624898539	0.15	4	70.0	0	0	;
	268	373	500.0	13536.0	2.796694214876033	0.15	4	55.0	0	0	;
	268	374	500.0	283.1119995117188	0.05849421477514851	0.15	4	55.0	0	0	;
	269	221	1000.0	125299.0	21.90541958041958	0.15	4	65.0	0	0	;
	269	268	500.0	16737.099609375	2.717061624898539	0.15	4	70.0	0	0	;
	269	343	750.0	81240.796875	13.188441051136364	0.15	4	70.0	0	0	;
	270	406	1000.0	72505.296875	14.980433238636364	0.15	4	55.0	0	0	;
	270	466	1000.0	18099.0	2.4196524064171125	0.15	4	85.0	0	0	;
	271	406	1000.0	61444.5	10.742045454545453	0.15	4	65.0	0	0	;
	271	407	1000.0	1805.410034179688	0.5861720890193792	0.15	4	35.0	0	0	;
	272	288	2000.0	22385.900390625	3.6340747387378247	0.15	4	70.0	0	0	;
	272	289	1000.0	96842.703125	15.721218039772728	0.15	4	70.0	0	0	;
	272	466	1000.0	49088.0	8.581818181818182	0.15	4	65.0	0	0	;
	273	334	1000.0	2331.929931640625	0.5888711948587436	0.15	4	45.0	0	0	;
	274	500	1000.0	52535.5	7.959924242424242	0.15	4	75.0	0	0	;
	274	501	2000.0	17030.30078125	2.5803486032196967	0.15	4	75.0	0	0	;
	275	28	750.0	59317.6015625	16.851591352982954	0.15	4	40.0	0	0	;
	275	336	500.0	7473.169921875	1.4153730912642046	0.15	4	60.0	0	0	;
	276	435	1000.0	202462.0	35.39545454545454	0.15	4	65.0	0	0	;
	276	446	1000.0	135820.0	20.578787878787878	0.15	4	75.0	0	0	;
	276	452	500.0	20444.69921875	3.3189446783685064	0.15	4	70.0	0	0	;
	277	230	500.0	29831.30078125	5.215262374344405	0.15	4	65.0	0	0	;
	277	231	500.0	326.9880065917969	0.057165735418146305	0.15	4	65.0	0	0	;
	277	381	1000.0	44134.80078125	8.358863784327651	0.15	4	60.0	0	0	;
	278	233	1000.0	272433.0	51.59715909090909	0.15	4	60.0	0	0	;
	278	381	500.0	3782.0400390625	0.7162954619436553	0.15	4	60.0	0	0	;
	279	1	90000.0	10.0	0.0016233766233766235	0.15	4	70.0	0	0	;
	279	14	1000.0	41216.19921875	11.709147505326706	0.15	4	40.0	0	0	;
	279	468	500.0	52618.80078125	7.972545572916666	0.15	4	75.0	0	0	;
	280	7	500.0	22024.900390625	3.5754708426339286	0.15	4	70.0	0	0	;
	280	324	1000.0	102373.0	16.61899350649351	0.15	4	70.0	0	0	;
	280	367	1000.0	20770.80078125	3.147091027462121	0.15	4	75.0	0	0	;
	281	84	500.0	157236.0	25.525324675324676	0.15	4	70.0	0	0	;
	281	338	500.0	113.8209991455078	0.017245605931137543	0.15	4	75.0	0	0	;
	282	261	1000.0	25439.19921875	4.129740132913962	0.15	4	70.0	0	0	;
	282	378	500.0	118779.0	20.76555944055944	0.15	4	65.0	0	0	;
	282	473	500.0	45190.8984375	7.336184811282467	0.15	4	70.0	0	0	;
	283	464	1000.0	128924.0	22.53916083916084	0.15	4	65.0	0	0	;
	284	519	500.0	361.9070129394531	0.06854299487489643	0.15	4	60.0	0	0	;
	285	77	500.0	64820.69921875	11.332290073208041	0.15	4	65.0	0	0	;
	285	155	1000.0	44056.6015625	6.675242660984849	0.15	4	75.0	0	0	;
	285	236	1000.0	34701.19921875	5.257757457386364	0.15	4	75.0	0	0	;
	285	519	500.0	205714.0	33.39512987012987	0.15	4	70.0	0	0	;
	286	1	90000.0	10.0	0.0016233766233766235	0.15	4	70.0	0	0	;
	286	179	1000.0	20946.69921875	3.6620103529283217	0.15	4	65.0	0	0	;
	287	1	90000.0	10.0	0.0016233766233766235	0.15	4	70.0	0	0	;
	287	435	1000.0	36584.6015625	6.9289018110795455	0.15	4	60.0	0	0	;
	288	1	90000.0	10.0	0.0016233766233766235	0.15	4	70.0	0	0	;
	288	40	1000.0	105514.0	21.800413223140495	0.15	4	55.0	0	0	;
	288	110	750.0	13735.900390625	2.401381187172203	0.15	4	65.0	0	0	;
	288	272	2000.0	22385.900390625	3.6340747387378247	0.15	4	70.0	0	0	;
	289	149	500.0	853.843994140625	0.1492734255490603	0.15	4	65.0	0	0	;
	289	272	1000.0	96842.703125	15.721218039772728	0.15	4	70.0	0	0	;
	289	290	500.0	34669.69921875	6.061136227054195	0.15	4	65.0	0	0	;
	290	79	500.0	1532.81005859375	0.3166962930978823	0.15	4	55.0	0	0	;
	290	289	500.0	34669.69921875	6.061136227054195	0.15	4	65.0	0	0	;
	290	382	1000.0	151740.0	22.990909090909092	0.15	4	75.0	0	0	;
	291	153	500.0	131188.0	21.296753246753248	0.15	4	70.0	0	0	;
	291	325	1000.0	89589.3984375	13.57415127840909	0.15	4	75.0	0	0	;
	291	391	1000.0	70868.5	13.422064393939394	0.15	4	60.0	0	0	;
	292	133	1500.0	4213.14013671875	0.8704834993220558	0.15	4	55.0	0	0	;
	292	354	1000.0	42906.3984375	7.501118607954546	0.15	4	65.0	0	0	;
	292	537	3000.0	52212.3984375	9.128041684877623	0.15	4	65.0	0	0	;
	292	540	3500.0	58527.69921875	10.232115248033217	0.15	4	65.0	0	0	;
	293	353	3000.0	45506.80078125	7.955734402316433	0.15	4	65.0	0	0	;
	293	462	1000.0	41042.3984375	7.175244482080419	0.15	4	65.0	0	0	;
	293	542	3000.0	17867.400390625	3.123671396962412	0.15	4	65.0	0	0	;
	294	50	500.0	9649.4296875	1.9936838197314048	0.15	4	55.0	0	0	;
	294	326	1000.0	18835.5	3.8916322314049583	0.15	4	55.0	0	0	;
	294	327	500.0	166727.0	27.06607142857143	0.15	4	70.0	0	0	;
	295	369	500.0	53352.30078125	8.083681936553031	0.15	4	75.0	0	0	;
	296	297	1000.0	9056.919921875	2.287100990372475	0.15	4	45.0	0	0	;
	296	369	1000.0	6014.4599609375	1.5188030204387624	0.15	4	45.0	0	0	;
	297	296	1000.0	9056.919921875	2.287100990372475	0.15	4	45.0	0	0	;
	297	368	1000.0	701.14501953125	0.12257780061735139	0.15	4	65.0	0	0	;
	298	299	500.0	15120.900390625	2.64351405430507	0.15	4	65.0	0	0	;
	298	368	500.0	1012.609985351562	0.17702971771880455	0.15	4	65.0	0	0	;
	299	118	1000.0	83290.6015625	14.561293979458043	0.15	4	65.0	0	0	;
	299	298	500.0	15120.900390625	2.64351405430507	0.15	4	65.0	0	0	;
	300	176	1500.0	54391.5	9.509003496503496	0.15	4	65.0	0	0	;
	301	49	500.0	50823.19921875	11.550727095170455	0.15	4	50.0	0	0	;
	301	329	1500.0	1408.630004882812	0.24626398686762446	0.15	4	65.0	0	0	;
	302	123	500.0	329.8290100097656	0.08329015404287012	0.15	4	45.0	0	0	;
	303	26	500.0	16287.2998046875	2.644042176085633	0.15	4	70.0	0	0	;
	303	123	1500.0	9490.0595703125	2.69603965065696	0.15	4	40.0	0	0	;
	303	391	1000.0	16141.099609375	2.6203083781452925	0.15	4	70.0	0	0	;
	304	13	500.0	115214.0	17.456666666666667	0.15	4	75.0	0	0	;
	304	357	500.0	493.9580078125	0.11226318359375	0.15	4	50.0	0	0	;
	305	221	1000.0	9677.2802734375	1.5709870573762175	0.15	4	70.0	0	0	;
	305	410	1000.0	24851.30078125	5.134566277117769	0.15	4	55.0	0	0	;
	305	426	1000.0	37306.0	5.652424242424242	0.15	4	75.0	0	0	;
	306	410	1000.0	5071.919921875	1.047917339230372	0.15	4	55.0	0	0	;
	306	411	1000.0	15110.2001953125	2.2894242720170452	0.15	4	75.0	0	0	;
	307	221	1000.0	46745.30078125	7.5885228540990255	0.15	4	70.0	0	0	;
	308	222	1000.0	50491.80078125	7.65027284564394	0.15	4	75.0	0	0	;
	309	317	1000.0	44847.0	6.795	0.15	4	75.0	0	0	;
	309	530	500.0	24579.80078125	5.078471235795455	0.15	4	55.0	0	0	;
	310	237	500.0	238016.0	41.61118881118881	0.15	4	65.0	0	0	;
	310	384	1000.0	1221.619995117188	0.2524008254374355	0.15	4	55.0	0	0	;
	310	458	1000.0	91013.0	14.774837662337664	0.15	4	70.0	0	0	;
	311	257	1000.0	99640.296875	15.097014678030304	0.15	4	75.0	0	0	;
	311	313	500.0	114165.0	17.297727272727272	0.15	4	75.0	0	0	;
	311	384	500.0	21097.599609375	4.359008183755165	0.15	4	55.0	0	0	;
	311	385	1000.0	2098.6201171875	0.3179727450284091	0.15	4	75.0	0	0	;
	312	316	1000.0	11821.099609375	2.06662580583479	0.15	4	65.0	0	0	;
	312	505	1000.0	4720.0	0.9752066115702478	0.15	4	55.0	0	0	;
	312	506	1000.0	497.7420043945312	0.08701783293610685	0.15	4	65.0	0	0	;
	313	311	500.0	114165.0	17.297727272727272	0.15	4	75.0	0	0	;
	313	314	1000.0	122.4209976196289	0.018548636002974076	0.15	4	75.0	0	0	;
	314	313	1000.0	122.4209976196289	0.018548636002974076	0.15	4	75.0	0	0	;
	314	315	1000.0	124.2239990234375	0.02352727254231771	0.15	4	60.0	0	0	;
	314	506	1000.0	11274.2998046875	1.7082272431344698	0.15	4	75.0	0	0	;
	315	153	500.0	18835.599609375	3.5673484108664772	0.15	4	60.0	0	0	;
	315	314	1000.0	124.2239990234375	0.02352727254231771	0.15	4	60.0	0	0	;
	316	153	750.0	12914.5	2.668285123966942	0.15	4	55.0	0	0	;
	316	312	1000.0	11821.099609375	2.06662580583479	0.15	4	65.0	0	0	;
	316	317	1000.0	76387.6015625	11.573879024621212	0.15	4	75.0	0	0	;
	317	309	1000.0	44847.0	6.795	0.15	4	75.0	0	0	;
	317	316	1000.0	76387.6015625	11.573879024621212	0.15	4	75.0	0	0	;
	317	325	1000.0	171837.0	26.03590909090909	0.15	4	75.0	0	0	;
	318	319	1000.0	3897.2900390625	1.1071846701882102	0.15	4	40.0	0	0	;
	318	507	500.0	99764.6015625	16.195552201704547	0.15	4	70.0	0	0	;
	318	523	1000.0	122830.0	19.939935064935064	0.15	4	70.0	0	0	;
	319	66	1000.0	56443.69921875	9.162938184862014	0.15	4	70.0	0	0	;
	319	173	500.0	121871.0	23.08162878787879	0.15	4	60.0	0	0	;
	319	318	1000.0	3897.2900390625	1.1071846701882102	0.15	4	40.0	0	0	;
	319	448	1000.0	57493.6015625	9.33337687702922	0.15	4	70.0	0	0	;
	320	120	1000.0	49504.19921875	8.036395977069805	0.15	4	70.0	0	0	;
	320	172	1000.0	11200.099609375	2.3140701672262396	0.15	4	55.0	0	0	;
	320	321	1000.0	15721.7001953125	3.2482851643207646	0.15	4	55.0	0	0	;
	321	121	500.0	41315.5	6.259924242424242	0.15	4	75.0	0	0	;
	321	173	1000.0	24702.19921875	5.103760169163223	0.15	4	55.0	0	0	;
	321	320	1000.0	15721.7001953125	3.2482851643207646	0.15	4	55.0	0	0	;
	322	57	500.0	147004.0	30.372727272727275	0.15	4	55.0	0	0	;
	322	418	500.0	160458.0	26.048376623376626	0.15	4	70.0	0	0	;
	322	434	3000.0	138371.0	20.96530303030303	0.15	4	75.0	0	0	;
	322	439	750.0	9021.0	1.3668181818181817	0.15	4	75.0	0	0	;
	323	324	1000.0	11502.400390625	2.376529006327479	0.15	4	55.0	0	0	;
	323	415	500.0	24985.19921875	4.0560388342126625	0.15	4	70.0	0	0	;
	323	451	1000.0	41533.19921875	6.292908972537878	0.15	4	75.0	0	0	;
	324	280	1000.0	102373.0	16.61899350649351	0.15	4	70.0	0	0	;
	324	323	1000.0	11502.400390625	2.376529006327479	0.15	4	55.0	0	0	;
	324	487	500.0	80818.296875	13.1198533887987	0.15	4	70.0	0	0	;
	325	291	1000.0	89589.3984375	13.57415127840909	0.15	4	75.0	0	0	;
	325	317	1000.0	171837.0	26.03590909090909	0.15	4	75.0	0	0	;
	326	294	1000.0	18835.5	3.8916322314049583	0.15	4	55.0	0	0	;
	326	423	2000.0	17061.30078125	2.982744891826923	0.15	4	65.0	0	0	;
	327	22	500.0	109724.0	17.812337662337665	0.15	4	70.0	0	0	;
	327	235	500.0	88157.703125	13.35722774621212	0.15	4	75.0	0	0	;
	327	294	500.0	166727.0	27.06607142857143	0.15	4	70.0	0	0	;
	327	449	500.0	35377.0	5.360151515151515	0.15	4	75.0	0	0	;
	328	155	1000.0	45153.1015625	6.841379024621212	0.15	4	75.0	0	0	;
	328	360	500.0	114493.0	32.52642045454545	0.15	4	40.0	0	0	;
	328	460	1000.0	129026.0	20.945779220779222	0.15	4	70.0	0	0	;
	329	301	1500.0	1408.630004882812	0.24626398686762446	0.15	4	65.0	0	0	;
	329	346	3500.0	33741.0	5.898776223776224	0.15	4	65.0	0	0	;
	329	355	3500.0	66077.8984375	11.552080146416085	0.15	4	65.0	0	0	;
	329	535	2500.0	73760.0	12.895104895104893	0.15	4	65.0	0	0	;
	330	331	500.0	101009.0	16.397564935064935	0.15	4	70.0	0	0	;
	330	446	1000.0	49264.8984375	8.61274448208042	0.15	4	65.0	0	0	;
	330	447	1000.0	7612.02978515625	1.5727334266851758	0.15	4	55.0	0	0	;
	331	147	1000.0	119979.0	18.17863636363636	0.15	4	75.0	0	0	;
	331	330	500.0	101009.0	16.397564935064935	0.15	4	70.0	0	0	;
	331	382	1000.0	11867.599609375	1.798121152935606	0.15	4	75.0	0	0	;
	331	383	500.0	27854.099609375	10.55079530658144	0.15	4	30.0	0	0	;
	332	182	2500.0	119531.0	18.110757575757575	0.15	4	75.0	0	0	;
	332	392	1000.0	69808.0	11.332467532467533	0.15	4	70.0	0	0	;
	332	424	1000.0	5942.85986328125	1.5007221876972852	0.15	4	45.0	0	0	;
	333	145	1000.0	500.9289855957031	0.16263928103756595	0.15	4	35.0	0	0	;
	333	218	500.0	12237.2001953125	1.8541212417140152	0.15	4	75.0	0	0	;
	333	374	500.0	147598.0	25.803846153846152	0.15	4	65.0	0	0	;
	333	496	500.0	12148.2001953125	2.1238112229567307	0.15	4	65.0	0	0	;
	334	273	1000.0	2331.929931640625	0.5888711948587436	0.15	4	45.0	0	0	;
	334	364	1000.0	129.4969940185547	0.04204447857745282	0.15	4	35.0	0	0	;
	334	365	500.0	30249.19921875	4.583212002840909	0.15	4	75.0	0	0	;
	335	215	500.0	3902.889892578125	0.6335860215224229	0.15	4	70.0	0	0	;
	335	365	1000.0	98121.6015625	14.866909327651515	0.15	4	75.0	0	0	;
	335	500	1000.0	15196.5	2.3024999999999998	0.15	4	75.0	0	0	;
	335	529	500.0	4974.419921875	1.1305499822443181	0.15	4	50.0	0	0	;
	336	212	1000.0	123835.0	18.762878787878787	0.15	4	75.0	0	0	;
	336	217	1000.0	67953.3984375	10.295969460227273	0.15	4	75.0	0	0	;
	336	275	500.0	7473.169921875	1.4153730912642046	0.15	4	60.0	0	0	;
	336	393	1000.0	61718.5	9.351287878787879	0.15	4	75.0	0	0	;
	337	167	500.0	173534.0	26.293030303030303	0.15	4	75.0	0	0	;
	337	341	1000.0	101724.0	15.412727272727272	0.15	4	75.0	0	0	;
	337	512	1000.0	6883.64990234375	1.422241715360279	0.15	4	55.0	0	0	;
	337	513	1000.0	11303.0	1.7125757575757574	0.15	4	75.0	0	0	;
	338	281	500.0	113.8209991455078	0.017245605931137543	0.15	4	75.0	0	0	;
	338	378	500.0	1567.569946289062	0.23751059792258516	0.15	4	75.0	0	0	;
	338	379	500.0	41012.80078125	6.214060724431818	0.15	4	75.0	0	0	;
	338	474	500.0	157661.0	25.59431818181818	0.15	4	70.0	0	0	;
	339	141	500.0	1077.280029296875	0.1632242468631629	0.15	4	75.0	0	0	;
	339	214	500.0	98128.8984375	15.930015980113637	0.15	4	70.0	0	0	;
	339	340	1000.0	20735.900390625	3.1418030894886364	0.15	4	75.0	0	0	;
	340	142	1000.0	45.40010070800781	0.007370146218832438	0.15	4	70.0	0	0	;
	340	186	500.0	114628.0	18.60844155844156	0.15	4	70.0	0	0	;
	340	187	500.0	46693.8984375	7.5801783177759745	0.15	4	70.0	0	0	;
	340	339	1000.0	20735.900390625	3.1418030894886364	0.15	4	75.0	0	0	;
	341	210	500.0	173387.0	28.147240259740258	0.15	4	70.0	0	0	;
	341	211	500.0	166920.0	27.097402597402596	0.15	4	70.0	0	0	;
	341	337	1000.0	101724.0	15.412727272727272	0.15	4	75.0	0	0	;
	341	473	1000.0	120959.0	18.327121212121213	0.15	4	75.0	0	0	;
	342	397	500.0	5029.2998046875	0.8164447734882305	0.15	4	70.0	0	0	;
	342	398	750.0	120980.0	24.995867768595044	0.15	4	55.0	0	0	;
	342	424	500.0	133242.0	25.235227272727272	0.15	4	60.0	0	0	;
	342	475	500.0	25642.0	4.162662337662337	0.15	4	70.0	0	0	;
	343	269	750.0	81240.796875	13.188441051136364	0.15	4	70.0	0	0	;
	343	362	750.0	86050.6015625	13.969253500405845	0.15	4	70.0	0	0	;
	343	495	500.0	89825.6015625	34.02484907670455	0.15	4	30.0	0	0	;
	344	150	1000.0	541.6279907226562	0.11190660965344137	0.15	4	55.0	0	0	;
	344	226	1000.0	21654.19921875	3.515292080965909	0.15	4	70.0	0	0	;
	344	471	500.0	25971.400390625	4.216136427049513	0.15	4	70.0	0	0	;
	345	176	1000.0	80564.0	14.084615384615384	0.15	4	65.0	0	0	;
	345	525	3500.0	122386.0	21.396153846153847	0.15	4	65.0	0	0	;
	345	536	2500.0	40126.69921875	7.015157206075174	0.15	4	65.0	0	0	;
	345	538	1000.0	29861.69921875	5.655624852035984	0.15	4	60.0	0	0	;
	346	183	2500.0	776.301025390625	0.13571696248087853	0.15	4	65.0	0	0	;
	346	329	3500.0	33741.0	5.898776223776224	0.15	4	65.0	0	0	;
	346	536	3500.0	27594.599609375	4.824230700939685	0.15	4	65.0	0	0	;
	346	541	3500.0	39520.6015625	6.909196077360139	0.15	4	65.0	0	0	;
	347	159	1000.0	252.8190002441406	0.04788238640987511	0.15	4	60.0	0	0	;
	347	170	2000.0	45307.30078125	7.920856779938811	0.15	4	65.0	0	0	;
	347	421	2000.0	30325.900390625	5.301730837521853	0.15	4	65.0	0	0	;
	347	543	3000.0	73526.6015625	12.854300972465035	0.15	4	65.0	0	0	;
	348	127	1000.0	503.0090026855469	0.08793863683313757	0.15	4	65.0	0	0	;
	348	139	1500.0	34698.69921875	6.066206157124126	0.15	4	65.0	0	0	;
	348	542	1500.0	4972.75	1.1301704545454545	0.15	4	50.0	0	0	;
	348	543	1500.0	19112.0	4.826262626262626	0.15	4	45.0	0	0	;
	349	48	500.0	122796.0	25.37107438016529	0.15	4	55.0	0	0	;
	349	140	1500.0	29047.69921875	5.5014581853693185	0.15	4	60.0	0	0	;
	349	420	1000.0	133332.0	25.25227272727273	0.15	4	60.0	0	0	;
	349	462	1500.0	824.4920043945312	0.1703495876848205	0.15	4	55.0	0	0	;
	350	130	500.0	115930.0	18.819805194805195	0.15	4	70.0	0	0	;
	350	376	500.0	33150.30078125	6.278466057054924	0.15	4	60.0	0	0	;
	350	467	2000.0	61401.1015625	9.303197206439394	0.15	4	75.0	0	0	;
	351	383	500.0	61825.8984375	11.709450461647727	0.15	4	60.0	0	0	;
	351	494	500.0	116849.0	18.968993506493508	0.15	4	70.0	0	0	;
	351	527	2500.0	222155.0	33.65984848484848	0.15	4	75.0	0	0	;
	352	426	1000.0	83693.296875	12.68080255681818	0.15	4	75.0	0	0	;
	352	427	1000.0	167880.0	27.253246753246756	0.15	4	70.0	0	0	;
	352	494	750.0	71278.0	11.571103896103896	0.15	4	70.0	0	0	;
	352	495	1000.0	25333.80078125	3.838454663825757	0.15	4	75.0	0	0	;
	353	177	1500.0	172207.0	30.106118881118885	0.15	4	65.0	0	0	;
	353	293	3000.0	45506.80078125	7.955734402316433	0.15	4	65.0	0	0	;
	353	537	3000.0	6024.830078125	1.053291971700175	0.15	4	65.0	0	0	;
	353	539	2000.0	70152.6015625	13.286477568655304	0.15	4	60.0	0	0	;
	354	174	1500.0	83693.6015625	17.29206643853306	0.15	4	55.0	0	0	;
	354	292	1000.0	42906.3984375	7.501118607954546	0.15	4	65.0	0	0	;
	354	464	1500.0	31257.400390625	5.464580487871503	0.15	4	65.0	0	0	;
	354	465	1000.0	119066.0	24.600413223140496	0.15	4	55.0	0	0	;
	355	329	3500.0	66077.8984375	11.552080146416085	0.15	4	65.0	0	0	;
	355	421	1500.0	7191.66015625	1.2572832440996502	0.15	4	65.0	0	0	;
	355	422	2000.0	32615.5	6.17717803030303	0.15	4	60.0	0	0	;
	355	545	3000.0	55977.8984375	8.481499763257576	0.15	4	75.0	0	0	;
	356	247	2000.0	21897.400390625	3.3177879379734847	0.15	4	75.0	0	0	;
	356	375	1000.0	31835.400390625	7.235318270596591	0.15	4	50.0	0	0	;
	357	304	500.0	493.9580078125	0.11226318359375	0.15	4	50.0	0	0	;
	357	356	2000.0	130034.0	26.866528925619836	0.15	4	55.0	0	0	;
	357	491	500.0	107871.0	17.51152597402597	0.15	4	70.0	0	0	;
	358	444	2000.0	31911.099609375	4.835015092329545	0.15	4	75.0	0	0	;
	358	445	1000.0	744.5650024414062	0.15383574430607566	0.15	4	55.0	0	0	;
	359	2	1000.0	62296.8984375	12.871260007747933	0.15	4	55.0	0	0	;
	359	222	1000.0	124862.0	18.918484848484848	0.15	4	75.0	0	0	;
	359	223	500.0	4593.31005859375	1.7398901737097539	0.15	4	30.0	0	0	;
	360	3	1500.0	22417.400390625	3.3965758167613633	0.15	4	75.0	0	0	;
	360	234	1000.0	39746.6015625	6.948706566870629	0.15	4	65.0	0	0	;
	360	328	500.0	114493.0	32.52642045454545	0.15	4	40.0	0	0	;
	361	3	500.0	35648.3984375	11.57415533685065	0.15	4	35.0	0	0	;
	361	234	1000.0	1436.43994140625	0.3627373589409722	0.15	4	45.0	0	0	;
	361	461	500.0	271856.0	41.19030303030303	0.15	4	75.0	0	0	;
	362	4	1000.0	14152.7001953125	2.924111610601756	0.15	4	55.0	0	0	;
	362	343	750.0	86050.6015625	13.969253500405845	0.15	4	70.0	0	0	;
	362	527	750.0	78946.296875	13.001695796277998	0.15	4	69.0	0	0	;
	363	4	500.0	78040.8984375	12.668977019074676	0.15	4	70.0	0	0	;
	363	373	500.0	96456.8984375	15.658587408685063	0.15	4	70.0	0	0	;
	363	397	500.0	121382.0	19.704870129870127	0.15	4	70.0	0	0	;
	364	5	1000.0	29969.900390625	4.540893998579546	0.15	4	75.0	0	0	;
	364	218	500.0	123320.0	18.684848484848484	0.15	4	75.0	0	0	;
	364	334	1000.0	129.4969940185547	0.04204447857745282	0.15	4	35.0	0	0	;
	365	5	500.0	9380.4501953125	1.4212803326231063	0.15	4	75.0	0	0	;
	365	334	500.0	30249.19921875	4.583212002840909	0.15	4	75.0	0	0	;
	365	335	1000.0	98121.6015625	14.866909327651515	0.15	4	75.0	0	0	;
	366	6	500.0	35243.80078125	5.339969815340909	0.15	4	75.0	0	0	;
	366	196	500.0	101183.0	15.330757575757577	0.15	4	75.0	0	0	;
	366	441	500.0	6085.35009765625	0.9220227420691287	0.15	4	75.0	0	0	;
	367	7	500.0	6127.89013671875	0.9947873598569401	0.15	4	70.0	0	0	;
	367	60	500.0	112032.0	18.187012987012988	0.15	4	70.0	0	0	;
	367	280	1000.0	20770.80078125	3.147091027462121	0.15	4	75.0	0	0	;
	367	438	1000.0	100943.0	15.29439393939394	0.15	4	75.0	0	0	;
	368	8	500.0	54059.19921875	8.190787760416667	0.15	4	75.0	0	0	;
	368	297	1000.0	701.14501953125	0.12257780061735139	0.15	4	65.0	0	0	;
	368	298	500.0	1012.609985351562	0.17702971771880455	0.15	4	65.0	0	0	;
	369	8	500.0	57100.6015625	8.651606297348485	0.15	4	75.0	0	0	;
	369	295	500.0	53352.30078125	8.083681936553031	0.15	4	75.0	0	0	;
	369	296	1000.0	6014.4599609375	1.5188030204387624	0.15	4	45.0	0	0	;
	370	9	500.0	13143.400390625	1.9914243016098485	0.15	4	75.0	0	0	;
	370	260	750.0	70723.6015625	10.715697206439394	0.15	4	75.0	0	0	;
	370	262	1000.0	21465.099609375	3.252287819602272	0.15	4	75.0	0	0	;
	371	10	500.0	113887.0	17.255606060606063	0.15	4	75.0	0	0	;
	371	251	1000.0	6953.77001953125	1.3170018976384943	0.15	4	60.0	0	0	;
	371	388	750.0	67559.3984375	13.958553396177686	0.15	4	55.0	0	0	;
	372	11	500.0	70551.796875	13.362082741477273	0.15	4	60.0	0	0	;
	372	256	1500.0	93313.796875	15.148343648538958	0.15	4	70.0	0	0	;
	372	399	1500.0	26250.099609375	4.261379806716721	0.15	4	70.0	0	0	;
	373	12	500.0	740.1950073242188	0.12940472156017813	0.15	4	65.0	0	0	;
	373	268	500.0	13536.0	2.796694214876033	0.15	4	55.0	0	0	;
	373	363	500.0	96456.8984375	15.658587408685063	0.15	4	70.0	0	0	;
	374	12	500.0	12105.7001953125	1.9652110706676136	0.15	4	70.0	0	0	;
	374	268	500.0	283.1119995117188	0.05849421477514851	0.15	4	55.0	0	0	;
	374	333	500.0	147598.0	25.803846153846152	0.15	4	65.0	0	0	;
	375	13	1000.0	11132.5	2.1084280303030303	0.15	4	60.0	0	0	;
	375	157	500.0	174505.0	26.440151515151513	0.15	4	75.0	0	0	;
	375	356	1000.0	31835.400390625	7.235318270596591	0.15	4	50.0	0	0	;
	376	16	1000.0	52049.69921875	7.88631806344697	0.15	4	75.0	0	0	;
	376	350	500.0	33150.30078125	6.278466057054924	0.15	4	60.0	0	0	;
	376	484	500.0	181697.0	29.496266233766235	0.15	4	70.0	0	0	;
	377	16	500.0	913.6900024414062	0.13843787915778882	0.15	4	75.0	0	0	;
	377	350	2000.0	62400.69921875	9.454651396780303	0.15	4	75.0	0	0	;
	378	17	500.0	39455.8984375	5.978166429924243	0.15	4	75.0	0	0	;
	378	282	500.0	118779.0	20.76555944055944	0.15	4	65.0	0	0	;
	378	338	500.0	1567.569946289062	0.23751059792258516	0.15	4	75.0	0	0	;
	379	17	500.0	2648.860107421875	0.4013424405184659	0.15	4	75.0	0	0	;
	379	210	500.0	80981.5	12.269924242424244	0.15	4	75.0	0	0	;
	379	338	500.0	41012.80078125	6.214060724431818	0.15	4	75.0	0	0	;
	380	18	500.0	28355.30078125	4.957220416302448	0.15	4	65.0	0	0	;
	380	175	2000.0	6162.080078125	1.07728672694493	0.15	4	65.0	0	0	;
	380	547	1000.0	65762.5	12.45501893939394	0.15	4	60.0	0	0	;
	381	18	500.0	23623.5	4.8808884297520665	0.15	4	55.0	0	0	;
	381	277	1000.0	44134.80078125	8.358863784327651	0.15	4	60.0	0	0	;
	381	278	500.0	3782.0400390625	0.7162954619436553	0.15	4	60.0	0	0	;
	382	19	500.0	10859.599609375	1.6453938802083332	0.15	4	75.0	0	0	;
	382	290	1000.0	151740.0	22.990909090909092	0.15	4	75.0	0	0	;
	382	331	1000.0	11867.599609375	1.798121152935606	0.15	4	75.0	0	0	;
	383	19	500.0	8573.58984375	1.4988793433129373	0.15	4	65.0	0	0	;
	383	331	500.0	27854.099609375	10.55079530658144	0.15	4	30.0	0	0	;
	383	351	500.0	61825.8984375	11.709450461647727	0.15	4	60.0	0	0	;
	384	20	1000.0	6583.5498046875	1.3602375629519627	0.15	4	55.0	0	0	;
	384	310	1000.0	1221.619995117188	0.2524008254374355	0.15	4	55.0	0	0	;
	384	311	500.0	21097.599609375	4.359008183755165	0.15	4	55.0	0	0	;
	385	20	500.0	20948.0	4.328099173553719	0.15	4	55.0	0	0	;
	385	311	1000.0	2098.6201171875	0.3179727450284091	0.15	4	75.0	0	0	;
	385	493	1000.0	141574.0	21.45060606060606	0.15	4	75.0	0	0	;
	386	21	250.0	18760.69921875	3.5531627308238636	0.15	4	60.0	0	0	;
	386	488	2000.0	45502.3984375	6.894302793560605	0.15	4	75.0	0	0	;
	387	22	500.0	1227.699951171875	0.25365701470493285	0.15	4	55.0	0	0	;
	387	103	500.0	33070.69921875	5.01071200284091	0.15	4	75.0	0	0	;
	387	431	500.0	215116.0	34.92142857142857	0.15	4	70.0	0	0	;
	387	504	500.0	260834.0	53.89132231404958	0.15	4	55.0	0	0	;
	388	23	500.0	155313.0	32.08946280991735	0.15	4	55.0	0	0	;
	388	371	750.0	67559.3984375	13.958553396177686	0.15	4	55.0	0	0	;
	388	470	500.0	42177.0	6.8469155844155845	0.15	4	70.0	0	0	;
	389	24	1000.0	121440.0	18.4	0.15	4	75.0	0	0	;
	389	120	500.0	63013.6015625	10.229480773133117	0.15	4	70.0	0	0	;
	389	121	750.0	3622.5	0.7484504132231404	0.15	4	55.0	0	0	;
	390	24	750.0	6630.2001953125	1.3698760734116735	0.15	4	55.0	0	0	;
	390	95	500.0	120800.0	18.303030303030305	0.15	4	75.0	0	0	;
	390	121	500.0	141587.0	21.452575757575758	0.15	4	75.0	0	0	;
	390	491	500.0	126930.0	19.23181818181818	0.15	4	75.0	0	0	;
	391	26	500.0	2550.010009765625	0.4139626639229911	0.15	4	70.0	0	0	;
	391	291	1000.0	70868.5	13.422064393939394	0.15	4	60.0	0	0	;
	391	303	1000.0	16141.099609375	2.6203083781452925	0.15	4	70.0	0	0	;
	392	27	1000.0	105513.0	21.80020661157025	0.15	4	55.0	0	0	;
	392	224	1000.0	31719.0	8.009848484848485	0.15	4	45.0	0	0	;
	392	332	1000.0	69808.0	11.332467532467533	0.15	4	70.0	0	0	;
	393	28	500.0	14288.400390625	2.9521488410382233	0.15	4	55.0	0	0	;
	393	219	500.0	138688.0	21.013333333333332	0.15	4	75.0	0	0	;
	393	336	1000.0	61718.5	9.351287878787879	0.15	4	75.0	0	0	;
	394	29	500.0	87211.5	18.018904958677684	0.15	4	55.0	0	0	;
	394	413	500.0	65011.19921875	10.553766106939936	0.15	4	70.0	0	0	;
	394	445	500.0	11508.7001953125	3.2695171009410506	0.15	4	40.0	0	0	;
	395	29	500.0	61539.3984375	9.990162084009741	0.15	4	70.0	0	0	;
	395	358	2000.0	86890.6015625	15.19066460882867	0.15	4	65.0	0	0	;
	396	30	500.0	29364.099609375	4.449106001420454	0.15	4	75.0	0	0	;
	396	228	500.0	9460.6796875	1.9546858858471075	0.15	4	55.0	0	0	;
	396	229	500.0	17416.30078125	2.6388334517045453	0.15	4	75.0	0	0	;
	397	31	500.0	119655.0	19.424512987012985	0.15	4	70.0	0	0	;
	397	342	500.0	5029.2998046875	0.8164447734882305	0.15	4	70.0	0	0	;
	397	363	500.0	121382.0	19.704870129870127	0.15	4	70.0	0	0	;
	398	31	500.0	11560.099609375	2.3884503325154958	0.15	4	55.0	0	0	;
	398	225	500.0	14073.900390625	2.9078306592200414	0.15	4	55.0	0	0	;
	398	342	750.0	120980.0	24.995867768595044	0.15	4	55.0	0	0	;
	399	32	500.0	36554.8984375	7.5526649664256205	0.15	4	55.0	0	0	;
	399	372	1500.0	26250.099609375	4.261379806716721	0.15	4	70.0	0	0	;
	399	436	1000.0	138116.0	20.92666666666667	0.15	4	75.0	0	0	;
	400	32	500.0	11148.5	2.303409090909091	0.15	4	55.0	0	0	;
	400	255	1000.0	112027.0	18.1862012987013	0.15	4	70.0	0	0	;
	400	437	500.0	106712.0	17.323376623376625	0.15	4	70.0	0	0	;
	401	33	500.0	6310.31982421875	0.9561090642755681	0.15	4	75.0	0	0	;
	401	138	500.0	65339.6015625	10.60707817573052	0.15	4	70.0	0	0	;
	401	201	500.0	49539.69921875	8.042158964082793	0.15	4	70.0	0	0	;
	402	34	500.0	58943.3984375	9.568733512581169	0.15	4	70.0	0	0	;
	402	39	500.0	40341.6015625	8.33504164514463	0.15	4	55.0	0	0	;
	402	408	500.0	32318.900390625	6.677458758393595	0.15	4	55.0	0	0	;
	402	470	1000.0	83618.6015625	13.574448305600649	0.15	4	70.0	0	0	;
	403	35	1000.0	24728.5	5.109194214876033	0.15	4	55.0	0	0	;
	403	181	1000.0	14364.0	2.3318181818181816	0.15	4	70.0	0	0	;
	403	518	1000.0	38776.1015625	6.294821682224026	0.15	4	70.0	0	0	;
	404	37	1000.0	65411.30078125	9.910803148674242	0.15	4	75.0	0	0	;
	404	469	500.0	72910.703125	15.064194860537189	0.15	4	55.0	0	0	;
	404	497	500.0	145711.0	23.654383116883118	0.15	4	70.0	0	0	;
	405	37	500.0	92401.203125	19.091157670454546	0.15	4	55.0	0	0	;
	405	179	1000.0	26883.400390625	4.0732424834280305	0.15	4	75.0	0	0	;
	405	515	1000.0	74307.6015625	11.258727509469695	0.15	4	75.0	0	0	;
	406	38	1000.0	15678.599609375	3.2393800845816116	0.15	4	55.0	0	0	;
	406	270	1000.0	72505.296875	14.980433238636364	0.15	4	55.0	0	0	;
	406	271	1000.0	61444.5	10.742045454545453	0.15	4	65.0	0	0	;
	407	38	1000.0	57578.80078125	18.69441583806818	0.15	4	35.0	0	0	;
	407	271	1000.0	1805.410034179688	0.5861720890193792	0.15	4	35.0	0	0	;
	407	527	1000.0	18826.80078125	3.565681966145833	0.15	4	60.0	0	0	;
	408	39	500.0	12649.099609375	2.395662804805871	0.15	4	60.0	0	0	;
	408	71	1000.0	61948.0	12.799173553719008	0.15	4	55.0	0	0	;
	408	99	1000.0	91306.8984375	18.865061660640496	0.15	4	55.0	0	0	;
	408	402	500.0	32318.900390625	6.677458758393595	0.15	4	55.0	0	0	;
	408	455	1000.0	90529.203125	14.696299208603895	0.15	4	70.0	0	0	;
	409	41	1000.0	105218.0	17.080844155844154	0.15	4	70.0	0	0	;
	409	267	1000.0	95091.1015625	14.407742660984848	0.15	4	75.0	0	0	;
	409	428	1000.0	144231.0	21.853181818181817	0.15	4	75.0	0	0	;
	410	42	1000.0	15018.599609375	2.2755453953598486	0.15	4	75.0	0	0	;
	410	305	1000.0	24851.30078125	5.134566277117769	0.15	4	55.0	0	0	;
	410	306	1000.0	5071.919921875	1.047917339230372	0.15	4	55.0	0	0	;
	411	42	500.0	6408.10009765625	0.970924257220644	0.15	4	75.0	0	0	;
	411	222	500.0	3126.889892578125	0.47377119584517047	0.15	4	75.0	0	0	;
	411	306	1000.0	15110.2001953125	2.2894242720170452	0.15	4	75.0	0	0	;
	412	43	500.0	12040.0	3.4204545454545454	0.15	4	40.0	0	0	;
	412	157	500.0	51087.30078125	10.55522743414256	0.15	4	55.0	0	0	;
	412	463	500.0	163419.0	24.760454545454543	0.15	4	75.0	0	0	;
	413	43	500.0	156956.0	23.78121212121212	0.15	4	75.0	0	0	;
	413	394	500.0	65011.19921875	10.553766106939936	0.15	4	70.0	0	0	;
	413	459	500.0	150633.0	26.33444055944056	0.15	4	65.0	0	0	;
	414	44	500.0	21078.099609375	3.1936514559659095	0.15	4	75.0	0	0	;
	414	451	1000.0	126037.0	19.096515151515153	0.15	4	75.0	0	0	;
	414	468	1000.0	79240.296875	12.006105587121212	0.15	4	75.0	0	0	;
	415	44	500.0	158229.0	23.974090909090908	0.15	4	75.0	0	0	;
	415	323	500.0	24985.19921875	4.0560388342126625	0.15	4	70.0	0	0	;
	415	484	500.0	27839.80078125	4.519448178774351	0.15	4	70.0	0	0	;
	416	45	500.0	3773.5400390625	1.4293712269176135	0.15	4	30.0	0	0	;
	416	193	500.0	55303.8984375	8.379378551136364	0.15	4	75.0	0	0	;
	416	486	500.0	71959.203125	10.902909564393939	0.15	4	75.0	0	0	;
	417	46	1000.0	5553.52978515625	1.147423509329804	0.15	4	55.0	0	0	;
	417	437	1000.0	95262.796875	14.433757102272727	0.15	4	75.0	0	0	;
	417	507	500.0	115825.0	21.93655303030303	0.15	4	60.0	0	0	;
	418	46	500.0	100169.0	16.261201298701298	0.15	4	70.0	0	0	;
	418	322	500.0	160458.0	26.048376623376626	0.15	4	70.0	0	0	;
	418	508	500.0	115249.0	18.709253246753246	0.15	4	70.0	0	0	;
	419	47	1000.0	4096.02001953125	1.0343484897806186	0.15	4	45.0	0	0	;
	419	68	1000.0	138294.0	20.953636363636363	0.15	4	75.0	0	0	;
	419	450	2000.0	137104.0	20.773333333333333	0.15	4	75.0	0	0	;
	419	510	1500.0	164465.0	24.918939393939393	0.15	4	75.0	0	0	;
	420	48	1000.0	26894.80078125	5.556777020919422	0.15	4	55.0	0	0	;
	420	238	1000.0	3560.320068359375	0.8091636518998581	0.15	4	50.0	0	0	;
	420	349	1000.0	133332.0	25.25227272727273	0.15	4	60.0	0	0	;
	421	49	1500.0	29605.5	7.476136363636364	0.15	4	45.0	0	0	;
	421	347	2000.0	30325.900390625	5.301730837521853	0.15	4	65.0	0	0	;
	421	355	1500.0	7191.66015625	1.2572832440996502	0.15	4	65.0	0	0	;
	422	49	1000.0	2375.14990234375	0.44983899665601323	0.15	4	60.0	0	0	;
	422	355	2000.0	32615.5	6.17717803030303	0.15	4	60.0	0	0	;
	422	539	2000.0	46899.80078125	8.882538026751893	0.15	4	60.0	0	0	;
	423	50	1000.0	21063.900390625	6.83892869825487	0.15	4	35.0	0	0	;
	423	325	2000.0	24145.69921875	4.221276087194056	0.15	4	65.0	0	0	;
	424	51	1000.0	1813.829956054688	0.3747582553832	0.15	4	55.0	0	0	;
	424	332	1000.0	5942.85986328125	1.5007221876972852	0.15	4	45.0	0	0	;
	424	342	500.0	133242.0	25.235227272727272	0.15	4	60.0	0	0	;
	425	51	500.0	98250.203125	20.299628744834713	0.15	4	55.0	0	0	;
	425	220	1000.0	43383.8984375	7.042840655438312	0.15	4	70.0	0	0	;
	425	475	500.0	47593.0	7.726136363636363	0.15	4	70.0	0	0	;
	426	52	500.0	131814.0	19.971818181818183	0.15	4	75.0	0	0	;
	426	305	1000.0	37306.0	5.652424242424242	0.15	4	75.0	0	0	;
	426	352	1000.0	83693.296875	12.68080255681818	0.15	4	75.0	0	0	;
	427	52	500.0	279.6470031738281	0.05777830644087358	0.15	4	55.0	0	0	;
	427	227	1000.0	118707.0	19.27061688311688	0.15	4	70.0	0	0	;
	427	352	1000.0	167880.0	27.253246753246756	0.15	4	70.0	0	0	;
	428	53	1000.0	4765.330078125	0.7220197088068182	0.15	4	75.0	0	0	;
	428	409	1000.0	144231.0	21.853181818181817	0.15	4	75.0	0	0	;
	428	479	1000.0	188944.0	28.627878787878785	0.15	4	75.0	0	0	;
	429	54	500.0	7380.169921875	1.1182075639204545	0.15	4	75.0	0	0	;
	429	148	500.0	25836.900390625	4.516940627731643	0.15	4	65.0	0	0	;
	429	229	500.0	138061.0	20.918333333333333	0.15	4	75.0	0	0	;
	430	54	500.0	138464.0	22.477922077922077	0.15	4	70.0	0	0	;
	430	151	500.0	240878.0	39.10357142857143	0.15	4	70.0	0	0	;
	430	152	1000.0	16710.69921875	3.4526238055268594	0.15	4	55.0	0	0	;
	431	55	1000.0	1506.739990234375	0.24460064776532062	0.15	4	70.0	0	0	;
	431	387	500.0	215116.0	34.92142857142857	0.15	4	70.0	0	0	;
	431	530	1000.0	3042.830078125	0.4939659217735389	0.15	4	70.0	0	0	;
	432	55	500.0	2857.77001953125	0.5904483511428202	0.15	4	55.0	0	0	;
	432	235	500.0	13538.2001953125	2.797148800684401	0.15	4	55.0	0	0	;
	432	530	500.0	1106.359985351562	0.22858677383296738	0.15	4	55.0	0	0	;
	433	56	1000.0	17103.19921875	2.591393821022727	0.15	4	75.0	0	0	;
	433	73	1000.0	90349.796875	13.689363162878788	0.15	4	75.0	0	0	;
	433	458	500.0	101159.0	15.327121212121215	0.15	4	75.0	0	0	;
	433	515	1000.0	57923.69921875	8.77631806344697	0.15	4	75.0	0	0	;
	434	57	500.0	46666.80078125	8.158531605113637	0.15	4	65.0	0	0	;
	434	87	1500.0	38342.8984375	7.261912582859848	0.15	4	60.0	0	0	;
	434	178	1500.0	110769.0	17.98198051948052	0.15	4	70.0	0	0	;
	435	58	500.0	40610.30078125	5.768508633700284	0.15	4	80.0	0	0	;
	435	276	1000.0	202462.0	35.39545454545454	0.15	4	65.0	0	0	;
	435	287	1000.0	36584.6015625	6.9289018110795455	0.15	4	60.0	0	0	;
	436	59	500.0	2378.030029296875	0.3603075801964962	0.15	4	75.0	0	0	;
	436	258	1000.0	143952.0	21.810909090909092	0.15	4	75.0	0	0	;
	436	399	1000.0	138116.0	20.92666666666667	0.15	4	75.0	0	0	;
	437	59	500.0	104979.0	17.042045454545455	0.15	4	70.0	0	0	;
	437	400	500.0	106712.0	17.323376623376625	0.15	4	70.0	0	0	;
	437	417	1000.0	95262.796875	14.433757102272727	0.15	4	75.0	0	0	;
	438	60	500.0	58235.30078125	9.453782594358765	0.15	4	70.0	0	0	;
	438	367	1000.0	100943.0	15.29439393939394	0.15	4	75.0	0	0	;
	438	518	1000.0	129118.0	19.563333333333333	0.15	4	75.0	0	0	;
	439	61	750.0	7290.6298828125	1.1046408913352275	0.15	4	75.0	0	0	;
	439	322	750.0	9021.0	1.3668181818181817	0.15	4	75.0	0	0	;
	440	62	500.0	25119.900390625	3.8060455137310605	0.15	4	75.0	0	0	;
	440	517	1000.0	180462.0	27.342727272727274	0.15	4	75.0	0	0	;
	441	62	500.0	120482.0	18.254848484848488	0.15	4	75.0	0	0	;
	441	366	500.0	6085.35009765625	0.9220227420691287	0.15	4	75.0	0	0	;
	441	477	500.0	124533.0	21.7715034965035	0.15	4	65.0	0	0	;
	442	63	500.0	132084.0	21.442207792207792	0.15	4	70.0	0	0	;
	442	455	1000.0	64065.8984375	13.236755875516529	0.15	4	55.0	0	0	;
	442	498	1000.0	25374.30078125	5.242624128357438	0.15	4	55.0	0	0	;
	443	63	500.0	115689.0	18.78068181818182	0.15	4	70.0	0	0	;
	443	258	1000.0	687.2550048828125	0.10412954619436554	0.15	4	75.0	0	0	;
	443	526	1000.0	79328.0	12.01939393939394	0.15	4	75.0	0	0	;
	444	64	500.0	14529.7001953125	2.2014697265625003	0.15	4	75.0	0	0	;
	444	357	2000.0	72804.6015625	11.031000236742425	0.15	4	75.0	0	0	;
	445	64	500.0	38555.69921875	5.841772608901516	0.15	4	75.0	0	0	;
	445	358	1000.0	744.5650024414062	0.15383574430607566	0.15	4	55.0	0	0	;
	445	394	500.0	11508.7001953125	3.2695171009410506	0.15	4	40.0	0	0	;
	446	65	1000.0	2674.85009765625	0.40528031782670454	0.15	4	75.0	0	0	;
	446	276	1000.0	135820.0	20.578787878787878	0.15	4	75.0	0	0	;
	446	330	1000.0	49264.8984375	8.61274448208042	0.15	4	65.0	0	0	;
	447	65	1000.0	45564.0	6.903636363636363	0.15	4	75.0	0	0	;
	447	180	2000.0	246518.0	43.097552447552445	0.15	4	65.0	0	0	;
	447	330	1000.0	7612.02978515625	1.5727334266851758	0.15	4	55.0	0	0	;
	448	66	500.0	3025.590087890625	0.4911672220601664	0.15	4	70.0	0	0	;
	448	247	1000.0	238265.0	36.10075757575758	0.15	4	75.0	0	0	;
	448	319	1000.0	57493.6015625	9.33337687702922	0.15	4	70.0	0	0	;
	449	67	500.0	29782.80078125	6.153471235795454	0.15	4	55.0	0	0	;
	449	327	500.0	35377.0	5.360151515151515	0.15	4	75.0	0	0	;
	449	460	500.0	259353.0	39.295909090909085	0.15	4	75.0	0	0	;
	450	68	500.0	10970.400390625	1.7809091543222402	0.15	4	70.0	0	0	;
	450	377	2000.0	121088.0	18.346666666666664	0.15	4	75.0	0	0	;
	451	69	500.0	117536.0	19.08051948051948	0.15	4	70.0	0	0	;
	451	323	1000.0	41533.19921875	6.292908972537878	0.15	4	75.0	0	0	;
	451	414	1000.0	126037.0	19.096515151515153	0.15	4	75.0	0	0	;
	452	69	500.0	39418.69921875	6.399139483563312	0.15	4	70.0	0	0	;
	452	276	500.0	20444.69921875	3.3189446783685064	0.15	4	70.0	0	0	;
	452	487	1000.0	46691.0	10.61159090909091	0.15	4	50.0	0	0	;
	453	70	1000.0	13306.7001953125	2.749318222172004	0.15	4	55.0	0	0	;
	453	204	750.0	16318.0	3.090530303030303	0.15	4	60.0	0	0	;
	453	265	1500.0	17793.19921875	3.110699164117133	0.15	4	65.0	0	0	;
	454	70	500.0	8420.6103515625	1.3669821999289773	0.15	4	70.0	0	0	;
	454	203	500.0	30044.19921875	4.877305067978896	0.15	4	70.0	0	0	;
	454	204	1000.0	27513.19921875	6.947777580492424	0.15	4	45.0	0	0	;
	455	71	1000.0	4731.75	0.977634297520661	0.15	4	55.0	0	0	;
	455	408	1000.0	90529.203125	14.696299208603895	0.15	4	70.0	0	0	;
	455	442	1000.0	64065.8984375	13.236755875516529	0.15	4	55.0	0	0	;
	456	72	500.0	6558.22998046875	1.3550061943117253	0.15	4	55.0	0	0	;
	456	129	1000.0	7576.97998046875	1.5654917315018078	0.15	4	55.0	0	0	;
	456	130	500.0	112020.0	18.185064935064933	0.15	4	70.0	0	0	;
	457	72	500.0	7095.169921875	1.1518132990056817	0.15	4	70.0	0	0	;
	457	439	3000.0	164186.0	24.87666666666667	0.15	4	75.0	0	0	;
	458	73	1000.0	2362.14990234375	0.35790150035511364	0.15	4	75.0	0	0	;
	458	310	1000.0	91013.0	14.774837662337664	0.15	4	70.0	0	0	;
	458	433	500.0	101159.0	15.327121212121215	0.15	4	75.0	0	0	;
	459	74	500.0	23138.099609375	5.258659002130682	0.15	4	50.0	0	0	;
	459	239	500.0	39859.5	9.058977272727272	0.15	4	50.0	0	0	;
	459	413	500.0	150633.0	26.33444055944056	0.15	4	65.0	0	0	;
	460	75	500.0	26034.400390625	3.9446061197916666	0.15	4	75.0	0	0	;
	460	328	1000.0	129026.0	20.945779220779222	0.15	4	70.0	0	0	;
	460	449	500.0	259353.0	39.295909090909085	0.15	4	75.0	0	0	;
	461	75	500.0	62371.8984375	9.450287642045454	0.15	4	75.0	0	0	;
	461	361	500.0	271856.0	41.19030303030303	0.15	4	75.0	0	0	;
	461	504	500.0	26852.900390625	4.068621271306818	0.15	4	75.0	0	0	;
	462	76	1000.0	114130.0	19.952797202797203	0.15	4	65.0	0	0	;
	462	293	1000.0	41042.3984375	7.175244482080419	0.15	4	65.0	0	0	;
	462	349	1500.0	824.4920043945312	0.1703495876848205	0.15	4	55.0	0	0	;
	463	77	500.0	28105.5	4.913548951048951	0.15	4	65.0	0	0	;
	463	236	500.0	67528.5	11.805681818181817	0.15	4	65.0	0	0	;
	463	412	500.0	163419.0	24.760454545454543	0.15	4	75.0	0	0	;
	464	78	500.0	110487.0	22.82789256198347	0.15	4	55.0	0	0	;
	464	283	1000.0	128924.0	22.53916083916084	0.15	4	65.0	0	0	;
	464	354	1500.0	31257.400390625	5.464580487871503	0.15	4	65.0	0	0	;
	465	78	500.0	6055.64013671875	1.0586783455802011	0.15	4	65.0	0	0	;
	465	134	1000.0	39709.69921875	6.942255108173077	0.15	4	65.0	0	0	;
	465	354	1000.0	119066.0	24.600413223140496	0.15	4	55.0	0	0	;
	466	79	500.0	120818.0	21.122027972027972	0.15	4	65.0	0	0	;
	466	270	1000.0	18099.0	2.4196524064171125	0.15	4	85.0	0	0	;
	466	272	1000.0	49088.0	8.581818181818182	0.15	4	65.0	0	0	;
	467	80	500.0	133881.0	21.73392857142857	0.15	4	70.0	0	0	;
	467	457	2000.0	34635.8984375	5.247863399621212	0.15	4	75.0	0	0	;
	468	80	500.0	110137.0	17.87938311688312	0.15	4	70.0	0	0	;
	468	91	500.0	145049.0	23.546915584415586	0.15	4	70.0	0	0	;
	468	279	500.0	52618.80078125	7.972545572916666	0.15	4	75.0	0	0	;
	468	414	1000.0	79240.296875	12.006105587121212	0.15	4	75.0	0	0	;
	469	81	500.0	109760.0	17.81818181818182	0.15	4	70.0	0	0	;
	469	249	500.0	6614.240234375	1.3665785608212808	0.15	4	55.0	0	0	;
	469	404	500.0	72910.703125	15.064194860537189	0.15	4	55.0	0	0	;
	470	81	500.0	74166.1015625	15.323574702995867	0.15	4	55.0	0	0	;
	470	388	500.0	42177.0	6.8469155844155845	0.15	4	70.0	0	0	;
	470	402	1000.0	83618.6015625	13.574448305600649	0.15	4	70.0	0	0	;
	471	82	500.0	59872.69921875	9.719594029017857	0.15	4	70.0	0	0	;
	471	151	1000.0	55122.80078125	8.948506620332793	0.15	4	70.0	0	0	;
	471	344	500.0	25971.400390625	4.216136427049513	0.15	4	70.0	0	0	;
	472	83	500.0	24531.0	3.7168181818181822	0.15	4	75.0	0	0	;
	472	261	2500.0	67153.703125	10.174803503787878	0.15	4	75.0	0	0	;
	473	83	500.0	1746.569946289062	0.36086155915063267	0.15	4	55.0	0	0	;
	473	282	500.0	45190.8984375	7.336184811282467	0.15	4	70.0	0	0	;
	473	341	1000.0	120959.0	18.327121212121213	0.15	4	75.0	0	0	;
	474	84	500.0	3924.669921875	0.6371217405641234	0.15	4	70.0	0	0	;
	474	208	1000.0	162458.0	33.565702479338846	0.15	4	55.0	0	0	;
	474	338	500.0	157661.0	25.59431818181818	0.15	4	70.0	0	0	;
	475	85	500.0	32277.5	5.239853896103896	0.15	4	70.0	0	0	;
	475	342	500.0	25642.0	4.162662337662337	0.15	4	70.0	0	0	;
	475	425	500.0	47593.0	7.726136363636363	0.15	4	70.0	0	0	;
	476	85	500.0	23695.0	4.1424825174825175	0.15	4	65.0	0	0	;
	476	214	500.0	108718.0	17.649025974025975	0.15	4	70.0	0	0	;
	476	225	1000.0	130005.0	22.72814685314685	0.15	4	65.0	0	0	;
	477	86	500.0	78939.0	16.309710743801652	0.15	4	55.0	0	0	;
	477	197	500.0	13644.099609375	3.4454796993371213	0.15	4	45.0	0	0	;
	477	441	500.0	124533.0	21.7715034965035	0.15	4	65.0	0	0	;
	478	86	500.0	70357.203125	14.536612215909091	0.15	4	55.0	0	0	;
	478	188	1000.0	141853.0	24.799475524475525	0.15	4	65.0	0	0	;
	478	514	500.0	294866.0	51.55	0.15	4	65.0	0	0	;
	479	88	500.0	54569.30078125	8.858652724228895	0.15	4	70.0	0	0	;
	479	164	1000.0	129056.0	19.553939393939395	0.15	4	75.0	0	0	;
	479	428	1000.0	188944.0	28.627878787878785	0.15	4	75.0	0	0	;
	480	88	500.0	123432.0	20.037662337662336	0.15	4	70.0	0	0	;
	480	164	500.0	40772.30078125	6.618879996956169	0.15	4	70.0	0	0	;
	480	165	500.0	192141.0	31.191720779220777	0.15	4	70.0	0	0	;
	481	89	500.0	90081.8984375	14.623684811282468	0.15	4	70.0	0	0	;
	481	386	2000.0	64023.5	12.125662878787878	0.15	4	60.0	0	0	;
	482	89	500.0	48822.69921875	7.397378669507575	0.15	4	75.0	0	0	;
	482	148	2500.0	93166.703125	14.116167140151514	0.15	4	75.0	0	0	;
	483	90	500.0	288.4089965820312	0.05958863565744447	0.15	4	55.0	0	0	;
	483	111	1000.0	4591.91015625	0.948741767820248	0.15	4	55.0	0	0	;
	483	523	750.0	33840.19921875	8.545504853219697	0.15	4	45.0	0	0	;
	484	91	500.0	5458.31005859375	1.0337708444306344	0.15	4	60.0	0	0	;
	484	376	500.0	181697.0	29.496266233766235	0.15	4	70.0	0	0	;
	484	415	500.0	27839.80078125	4.519448178774351	0.15	4	70.0	0	0	;
	485	92	500.0	140034.0	21.21727272727273	0.15	4	75.0	0	0	;
	485	198	500.0	20033.5	3.794223484848485	0.15	4	60.0	0	0	;
	485	516	1000.0	97002.6015625	36.743409682765154	0.15	4	30.0	0	0	;
	486	92	500.0	150643.0	22.82469696969697	0.15	4	75.0	0	0	;
	486	191	500.0	251.97900390625	0.03817863695549242	0.15	4	75.0	0	0	;
	486	416	500.0	71959.203125	10.902909564393939	0.15	4	75.0	0	0	;
	487	93	500.0	103888.0	16.864935064935064	0.15	4	70.0	0	0	;
	487	324	500.0	80818.296875	13.1198533887987	0.15	4	70.0	0	0	;
	487	452	1000.0	46691.0	10.61159090909091	0.15	4	50.0	0	0	;
	488	93	1000.0	112242.0	18.221103896103894	0.15	4	70.0	0	0	;
	488	330	1000.0	125619.0	19.03318181818182	0.15	4	75.0	0	0	;
	489	94	500.0	2204.02001953125	0.3339424272017046	0.15	4	75.0	0	0	;
	489	146	500.0	154762.0	31.97561983471075	0.15	4	55.0	0	0	;
	489	215	1000.0	155164.0	23.509696969696968	0.15	4	75.0	0	0	;
	490	94	500.0	82649.203125	12.522606534090908	0.15	4	75.0	0	0	;
	490	472	2500.0	64824.6015625	9.821909327651515	0.15	4	75.0	0	0	;
	491	95	500.0	8805.2802734375	1.3341333747632576	0.15	4	75.0	0	0	;
	491	357	500.0	107871.0	17.51152597402597	0.15	4	70.0	0	0	;
	491	390	500.0	126930.0	19.23181818181818	0.15	4	75.0	0	0	;
	492	96	1000.0	38990.3984375	8.86145419034091	0.15	4	50.0	0	0	;
	492	252	1000.0	7134.490234375	1.4740682302427686	0.15	4	55.0	0	0	;
	492	253	500.0	9465.33984375	1.9556487280475205	0.15	4	55.0	0	0	;
	493	96	1000.0	16537.30078125	2.8911365002185314	0.15	4	65.0	0	0	;
	493	124	1000.0	3875.25	0.5871590909090909	0.15	4	75.0	0	0	;
	493	385	1000.0	141574.0	21.45060606060606	0.15	4	75.0	0	0	;
	494	97	500.0	9499.51953125	1.542129794034091	0.15	4	70.0	0	0	;
	494	351	500.0	116849.0	18.968993506493508	0.15	4	70.0	0	0	;
	494	352	750.0	71278.0	11.571103896103896	0.15	4	70.0	0	0	;
	495	97	750.0	65929.796875	10.702889103084415	0.15	4	70.0	0	0	;
	495	343	500.0	89825.6015625	34.02484907670455	0.15	4	30.0	0	0	;
	495	352	1000.0	25333.80078125	3.838454663825757	0.15	4	75.0	0	0	;
	496	98	500.0	2836.530029296875	0.4297772771661932	0.15	4	75.0	0	0	;
	496	146	500.0	160079.0	25.986850649350647	0.15	4	70.0	0	0	;
	496	333	500.0	12148.2001953125	2.1238112229567307	0.15	4	65.0	0	0	;
	497	99	1000.0	10092.2001953125	2.0851653296100205	0.15	4	55.0	0	0	;
	497	404	500.0	145711.0	23.654383116883118	0.15	4	70.0	0	0	;
	497	499	1000.0	152567.0	31.52210743801653	0.15	4	55.0	0	0	;
	498	100	1000.0	325.6960144042969	0.06729256495956547	0.15	4	55.0	0	0	;
	498	252	1000.0	72883.296875	11.83170403814935	0.15	4	70.0	0	0	;
	498	442	1000.0	25374.30078125	5.242624128357438	0.15	4	55.0	0	0	;
	499	100	500.0	58938.3984375	11.162575461647727	0.15	4	60.0	0	0	;
	499	250	1000.0	102293.0	21.134917355371904	0.15	4	55.0	0	0	;
	499	497	1000.0	152567.0	31.52210743801653	0.15	4	55.0	0	0	;
	500	101	500.0	4004.860107421875	0.6067969859730113	0.15	4	75.0	0	0	;
	500	274	1000.0	52535.5	7.959924242424242	0.15	4	75.0	0	0	;
	500	335	1000.0	15196.5	2.3024999999999998	0.15	4	75.0	0	0	;
	501	101	500.0	49615.5	7.5175	0.15	4	75.0	0	0	;
	501	490	2500.0	146255.0	22.159848484848485	0.15	4	75.0	0	0	;
	502	102	500.0	1920.2099609375	0.2909409031723485	0.15	4	75.0	0	0	;
	502	165	500.0	178451.0	27.0380303030303	0.15	4	75.0	0	0	;
	502	166	500.0	124878.0	18.920909090909092	0.15	4	75.0	0	0	;
	503	102	500.0	66323.203125	10.048970170454545	0.15	4	75.0	0	0	;
	503	263	1000.0	77906.6015625	13.6200352381993	0.15	4	65.0	0	0	;
	503	264	500.0	202375.0	30.662878787878785	0.15	4	75.0	0	0	;
	504	103	500.0	15761.5	2.3881060606060607	0.15	4	75.0	0	0	;
	504	387	500.0	260834.0	53.89132231404958	0.15	4	55.0	0	0	;
	504	461	500.0	26852.900390625	4.068621271306818	0.15	4	75.0	0	0	;
	505	104	1000.0	926.5029907226562	0.1619760473291357	0.15	4	65.0	0	0	;
	505	156	1000.0	116288.0	24.026446280991735	0.15	4	55.0	0	0	;
	505	312	1000.0	4720.0	0.9752066115702478	0.15	4	55.0	0	0	;
	506	104	1000.0	4784.64990234375	0.8364772556545017	0.15	4	65.0	0	0	;
	506	312	1000.0	497.7420043945312	0.08701783293610685	0.15	4	65.0	0	0	;
	506	314	1000.0	11274.2998046875	1.7082272431344698	0.15	4	75.0	0	0	;
	507	105	500.0	95322.0	15.47435064935065	0.15	4	70.0	0	0	;
	507	318	500.0	99764.6015625	16.195552201704547	0.15	4	70.0	0	0	;
	507	417	500.0	115825.0	21.93655303030303	0.15	4	60.0	0	0	;
	508	105	1000.0	10428.0	1.692857142857143	0.15	4	70.0	0	0	;
	508	172	1000.0	8595.7998046875	1.5027622036166957	0.15	4	65.0	0	0	;
	508	418	500.0	115249.0	18.709253246753246	0.15	4	70.0	0	0	;
	509	106	1000.0	8086.31005859375	3.0629962343158144	0.15	4	30.0	0	0	;
	509	160	500.0	61872.5	12.78357438016529	0.15	4	55.0	0	0	;
	509	161	500.0	59223.69921875	12.236301491477272	0.15	4	55.0	0	0	;
	510	107	1000.0	11028.400390625	2.2785951220299587	0.15	4	55.0	0	0	;
	510	419	1500.0	164465.0	24.918939393939393	0.15	4	75.0	0	0	;
	510	533	2500.0	75043.3984375	13.119475251311188	0.15	4	65.0	0	0	;
	511	107	500.0	104979.0	21.68987603305785	0.15	4	55.0	0	0	;
	511	171	1500.0	47440.19921875	8.293741122159092	0.15	4	65.0	0	0	;
	511	532	2000.0	11908.2998046875	2.0818705952250878	0.15	4	65.0	0	0	;
	512	108	1000.0	5311.35009765625	1.508906277743253	0.15	4	40.0	0	0	;
	512	202	1000.0	6567.4501953125	2.1322890244521107	0.15	4	35.0	0	0	;
	512	337	1000.0	6883.64990234375	1.422241715360279	0.15	4	55.0	0	0	;
	513	108	500.0	5002.4599609375	0.7579484789299242	0.15	4	75.0	0	0	;
	513	199	1000.0	65127.8984375	9.867863399621212	0.15	4	75.0	0	0	;
	513	337	1000.0	11303.0	1.7125757575757574	0.15	4	75.0	0	0	;
	514	109	500.0	47302.3984375	7.167030066287879	0.15	4	75.0	0	0	;
	514	263	500.0	244002.0	36.97	0.15	4	75.0	0	0	;
	514	478	500.0	294866.0	51.55	0.15	4	65.0	0	0	;
	515	237	500.0	12175.7998046875	2.515661116670971	0.15	4	55.0	0	0	;
	515	405	1000.0	74307.6015625	11.258727509469695	0.15	4	75.0	0	0	;
	515	433	1000.0	57923.69921875	8.77631806344697	0.15	4	75.0	0	0	;
	516	196	500.0	177726.0	26.928181818181823	0.15	4	75.0	0	0	;
	516	440	1000.0	67125.6015625	10.170545691287879	0.15	4	75.0	0	0	;
	516	485	1000.0	97002.6015625	36.743409682765154	0.15	4	30.0	0	0	;
	517	190	500.0	153.6269989013672	0.023276818015358663	0.15	4	75.0	0	0	;
	517	193	500.0	124082.0	18.80030303030303	0.15	4	75.0	0	0	;
	517	262	2000.0	39375.19921875	5.965939275568182	0.15	4	75.0	0	0	;
	518	403	1000.0	38776.1015625	6.294821682224026	0.15	4	70.0	0	0	;
	518	438	1000.0	129118.0	19.563333333333333	0.15	4	75.0	0	0	;
	518	481	2000.0	52768.3984375	8.566298447646105	0.15	4	70.0	0	0	;
	519	158	500.0	10763.599609375	1.8817481834571677	0.15	4	65.0	0	0	;
	519	284	500.0	361.9070129394531	0.06854299487489643	0.15	4	60.0	0	0	;
	519	285	500.0	205714.0	33.39512987012987	0.15	4	70.0	0	0	;
	520	136	1000.0	482.8869934082031	0.09145586996367483	0.15	4	60.0	0	0	;
	520	160	1000.0	101054.0	17.66678321678322	0.15	4	65.0	0	0	;
	520	161	3000.0	17653.0	2.865746753246753	0.15	4	70.0	0	0	;
	521	143	1000.0	7055.39013671875	2.0043721979314633	0.15	4	40.0	0	0	;
	521	144	1500.0	109195.0	19.090034965034963	0.15	4	65.0	0	0	;
	521	192	500.0	12422.0	2.352651515151515	0.15	4	60.0	0	0	;
	521	520	3000.0	66683.5	10.825243506493505	0.15	4	70.0	0	0	;
	522	258	1000.0	36589.3984375	6.929810310132575	0.15	4	60.0	0	0	;
	522	259	1000.0	829.3599853515625	0.20943433973524306	0.15	4	45.0	0	0	;
	522	523	750.0	41461.1015625	9.42297762784091	0.15	4	50.0	0	0	;
	522	524	500.0	18532.900390625	3.829111650955578	0.15	4	55.0	0	0	;
	523	246	1500.0	481.4840087890625	0.1215868709063289	0.15	4	45.0	0	0	;
	523	318	1000.0	122830.0	19.939935064935064	0.15	4	70.0	0	0	;
	523	483	750.0	33840.19921875	8.545504853219697	0.15	4	45.0	0	0	;
	523	522	750.0	41461.1015625	9.42297762784091	0.15	4	50.0	0	0	;
	524	111	1000.0	2542.1201171875	0.5777545720880682	0.15	4	50.0	0	0	;
	524	254	1000.0	214.3679962158203	0.04429090830905378	0.15	4	55.0	0	0	;
	524	522	500.0	18532.900390625	3.829111650955578	0.15	4	55.0	0	0	;
	524	526	1000.0	49286.80078125	7.467697088068182	0.15	4	75.0	0	0	;
	525	152	750.0	58866.69921875	9.55628234070617	0.15	4	70.0	0	0	;
	525	232	750.0	312.2619934082031	0.05069188204678622	0.15	4	70.0	0	0	;
	525	482	2500.0	33842.30078125	5.916486150568182	0.15	4	65.0	0	0	;
	526	124	1000.0	94995.296875	14.393226799242425	0.15	4	75.0	0	0	;
	526	253	1000.0	64038.8984375	9.702863399621211	0.15	4	75.0	0	0	;
	526	443	1000.0	79328.0	12.01939393939394	0.15	4	75.0	0	0	;
	526	524	1000.0	49286.80078125	7.467697088068182	0.15	4	75.0	0	0	;
	527	332	2500.0	116810.0	17.69848484848485	0.15	4	75.0	0	0	;
	527	362	750.0	78946.296875	13.001695796277998	0.15	4	69.0	0	0	;
	527	407	1000.0	18826.80078125	3.565681966145833	0.15	4	60.0	0	0	;
	528	211	500.0	3774.169921875	0.6126899223823051	0.15	4	70.0	0	0	;
	528	274	2000.0	13850.0	2.098484848484848	0.15	4	75.0	0	0	;
	529	212	1000.0	10829.099609375	2.461159002130682	0.15	4	50.0	0	0	;
	529	335	500.0	4974.419921875	1.1305499822443181	0.15	4	50.0	0	0	;
	530	67	500.0	145600.0	22.06060606060606	0.15	4	75.0	0	0	;
	530	309	500.0	24579.80078125	5.078471235795455	0.15	4	55.0	0	0	;
	530	431	1000.0	3042.830078125	0.4939659217735389	0.15	4	70.0	0	0	;
	530	432	500.0	1106.359985351562	0.22858677383296738	0.15	4	55.0	0	0	;
	531	162	500.0	411.9200134277344	0.08510744079085421	0.15	4	55.0	0	0	;
	531	163	500.0	146927.0	30.356818181818184	0.15	4	55.0	0	0	;
	531	262	1000.0	55591.5	8.422954545454546	0.15	4	75.0	0	0	;
	532	170	2000.0	26940.0	4.70979020979021	0.15	4	65.0	0	0	;
	532	511	2000.0	11908.2998046875	2.0818705952250878	0.15	4	65.0	0	0	;
	532	544	1000.0	65942.203125	9.991242897727272	0.15	4	75.0	0	0	;
	533	510	2500.0	75043.3984375	13.119475251311188	0.15	4	65.0	0	0	;
	533	544	2000.0	8539.7001953125	1.4929545796000876	0.15	4	65.0	0	0	;
	533	545	2500.0	5130.4599609375	0.8969335596044581	0.15	4	65.0	0	0	;
	534	49	500.0	16438.80078125	3.7360910866477273	0.15	4	50.0	0	0	;
	534	544	2000.0	102691.0	17.952972027972027	0.15	4	65.0	0	0	;
	535	329	2500.0	73760.0	12.895104895104893	0.15	4	65.0	0	0	;
	535	546	2500.0	9413.830078125	1.6457744891826924	0.15	4	65.0	0	0	;
	536	345	2500.0	40126.69921875	7.015157206075174	0.15	4	65.0	0	0	;
	536	346	3500.0	27594.599609375	4.824230700939685	0.15	4	65.0	0	0	;
	537	292	3000.0	52212.3984375	9.128041684877623	0.15	4	65.0	0	0	;
	537	353	3000.0	6024.830078125	1.053291971700175	0.15	4	65.0	0	0	;
	538	345	1000.0	29861.69921875	5.655624852035984	0.15	4	60.0	0	0	;
	538	547	1000.0	1503.079956054688	0.28467423410126663	0.15	4	60.0	0	0	;
	539	353	2000.0	70152.6015625	13.286477568655304	0.15	4	60.0	0	0	;
	539	422	2000.0	46899.80078125	8.882538026751893	0.15	4	60.0	0	0	;
	540	292	3500.0	58527.69921875	10.232115248033217	0.15	4	65.0	0	0	;
	540	548	3500.0	4036.47998046875	0.7056783182637675	0.15	4	65.0	0	0	;
	541	346	3500.0	39520.6015625	6.909196077360139	0.15	4	65.0	0	0	;
	541	548	3500.0	5996.27001953125	1.048298954463505	0.15	4	65.0	0	0	;
	542	293	3000.0	17867.400390625	3.123671396962412	0.15	4	65.0	0	0	;
	542	348	1500.0	4972.75	1.1301704545454545	0.15	4	50.0	0	0	;
	543	347	3000.0	73526.6015625	12.854300972465035	0.15	4	65.0	0	0	;
	543	348	1500.0	19112.0	4.826262626262626	0.15	4	45.0	0	0	;
	544	532	1000.0	65942.203125	9.991242897727272	0.15	4	75.0	0	0	;
	544	533	2000.0	8539.7001953125	1.4929545796000876	0.15	4	65.0	0	0	;
	544	534	2000.0	102691.0	17.952972027972027	0.15	4	65.0	0	0	;
	544	545	1000.0	6622.06005859375	1.0033424331202652	0.15	4	75.0	0	0	;
	545	355	3000.0	55977.8984375	8.481499763257576	0.15	4	75.0	0	0	;
	545	533	2500.0	5130.4599609375	0.8969335596044581	0.15	4	65.0	0	0	;
	545	544	1000.0	6622.06005859375	1.0033424331202652	0.15	4	75.0	0	0	;
	545	546	1000.0	127037.0	19.248030303030305	0.15	4	75.0	0	0	;
	546	176	2500.0	855.1179809570312	0.1494961505169635	0.15	4	65.0	0	0	;
	546	535	2500.0	9413.830078125	1.6457744891826924	0.15	4	65.0	0	0	;
	546	545	1000.0	127037.0	19.248030303030305	0.15	4	75.0	0	0	;
	547	380	1000.0	65762.5	12.45501893939394	0.15	4	60.0	0	0	;
	547	538	1000.0	1503.079956054688	0.28467423410126663	0.15	4	60.0	0	0	;
	548	540	3500.0	4036.47998046875	0.7056783182637675	0.15	4	65.0	0	0	;
	548	541	3500.0	5996.27001953125	1.048298954463505	0.15	4	65.0	0	0	;
