(114,125) 39 
(115,114) 39 
(121,323) 97 
(122,124) 61 
(123,122) 62 
(124,528) 46 
(125,397) 27 
(148,353) 200 
(153,293) 1 
(157,377) 104 
(174,175) 6 
(175,174) 28 
(176,347) 193 
(183,348) 12 
(230,152) 32 
(236,465) 3 
(237,517) 166 
(247,450) 149 
(258,438) 222 
(278,230) 32 
(293,393) 63 
(300,301) 121 
(312,237) 166 
(313,386) 179 
(315,313) 149 
(319,318) 1 
(320,509) 229 
(321,320) 24 
(327,293) 25 
(329,296) 8 
(332,449) 17 
(334,182) 237 
(352,378) 178 
(353,529) 54 
(356,294) 28 
(358,247) 83 
(359,493) 196 
(360,446) 141 
(362,330) 2 
(363,463) 1 
(370,300) 121 
(378,486) 206 
(382,549) 24 
(389,433) 1 
(391,120) 8 
(392,121) 196 
(393,305) 63 
(397,360) 27 
(414,157) 23 
(417,325) 174 
(420,324) 229 
(423,357) 91 
(432,151) 73 
(438,401) 222 
(439,402) 235 
(441,324) 259 
(446,359) 145 
(450,321) 149 
(454,277) 24 
(461,415) 1 
(462,451) 25 
(463,506) 1 
(464,295) 4 
(465,414) 19 
(470,280) 193 
(473,346) 173 
(486,417) 174 
(493,392) 192 
(497,345) 89 
(506,389) 1 
(509,419) 235 
(510,420) 229 
(512,421) 83 
(513,171) 171 
(527,484) 246 
(528,445) 11 
(529,334) 209 
(538,347) 8 
(540,347) 24 
(547,548) 2 
(549,540) 24 
