(114,125) 53 
(115,114) 53 
(121,323) 107 
(122,124) 185 
(123,122) 185 
(124,528) 127 
(125,397) 47 
(146,225) 1 
(148,353) 331 
(153,293) 31 
(153,317) 1 
(157,377) 143 
(158,157) 36 
(170,534) 36 
(173,321) 3 
(174,175) 55 
(175,174) 36 
(176,347) 237 
(183,348) 6 
(218,366) 1 
(225,400) 1 
(230,152) 119 
(235,434) 15 
(236,465) 8 
(237,517) 223 
(247,450) 98 
(253,494) 128 
(258,438) 250 
(269,375) 1 
(269,376) 1 
(270,269) 2 
(278,230) 119 
(286,521) 36 
(293,393) 185 
(300,301) 194 
(303,331) 2 
(312,237) 223 
(313,386) 240 
(315,313) 171 
(319,318) 31 
(320,509) 277 
(321,320) 266 
(326,489) 20 
(327,293) 138 
(327,319) 27 
(329,235) 15 
(329,296) 54 
(330,362) 3 
(332,449) 30 
(333,332) 225 
(334,182) 306 
(335,218) 1 
(336,367) 1 
(337,215) 1 
(344,426) 1 
(344,477) 1 
(349,170) 36 
(350,545) 31 
(352,378) 283 
(353,385) 247 
(353,496) 1 
(353,529) 152 
(355,539) 1 
(355,541) 5 
(356,294) 86 
(358,247) 152 
(359,493) 232 
(360,446) 260 
(362,330) 20 
(363,463) 5 
(365,399) 1 
(370,300) 194 
(375,365) 1 
(376,335) 1 
(378,486) 283 
(382,549) 120 
(385,333) 247 
(389,433) 5 
(391,120) 70 
(392,121) 232 
(393,305) 185 
(396,447) 4 
(397,360) 47 
(399,344) 1 
(410,404) 128 
(414,157) 13 
(415,396) 4 
(417,325) 283 
(420,324) 265 
(423,349) 17 
(423,357) 206 
(424,357) 59 
(424,541) 5 
(432,151) 212 
(434,532) 15 
(438,401) 250 
(439,402) 277 
(441,324) 312 
(445,258) 11 
(446,359) 260 
(450,321) 98 
(451,329) 80 
(454,277) 20 
(460,435) 1 
(461,415) 4 
(462,451) 80 
(463,506) 5 
(464,295) 22 
(465,414) 13 
(466,356) 29 
(467,356) 10 
(470,280) 234 
(472,390) 128 
(473,346) 268 
(477,427) 1 
(484,148) 333 
(486,417) 283 
(491,146) 1 
(493,392) 232 
(496,353) 83 
(497,345) 117 
(506,389) 5 
(509,419) 277 
(510,420) 265 
(512,421) 189 
(513,171) 258 
(521,158) 36 
(524,258) 1 
(524,526) 1 
(526,524) 4 
(527,484) 333 
(528,445) 11 
(529,334) 324 
(532,311) 27 
(534,546) 1 
(536,546) 112 
(538,347) 8 
(539,294) 1 
(540,347) 120 
(541,355) 5 
(541,424) 5 
(544,350) 12 
(546,534) 2 
(546,535) 132 
(546,547) 1 
(547,546) 3 
(547,548) 5 
(548,547) 2 
(549,540) 120 
