(114,125) 23 
(115,114) 23 
(121,323) 85 
(122,124) 11 
(123,122) 11 
(124,528) 9 
(125,397) 4 
(148,353) 114 
(153,293) 1 
(157,377) 81 
(174,175) 5 
(175,174) 3 
(176,347) 155 
(183,348) 4 
(230,152) 6 
(237,517) 165 
(247,450) 135 
(258,438) 181 
(278,230) 6 
(293,393) 12 
(300,301) 99 
(312,237) 165 
(313,386) 175 
(315,313) 171 
(319,318) 1 
(320,509) 200 
(321,320) 24 
(327,293) 5 
(329,296) 2 
(332,449) 3 
(334,182) 198 
(352,378) 71 
(353,529) 44 
(356,294) 3 
(358,247) 48 
(359,493) 173 
(360,446) 69 
(362,330) 1 
(370,300) 99 
(378,486) 167 
(391,120) 8 
(392,121) 173 
(393,305) 12 
(396,447) 4 
(397,360) 3 
(414,157) 3 
(415,396) 4 
(417,325) 150 
(420,324) 199 
(423,357) 83 
(432,151) 79 
(438,401) 181 
(439,402) 220 
(441,324) 244 
(446,359) 75 
(450,321) 135 
(454,277) 8 
(462,451) 24 
(464,295) 4 
(465,414) 3 
(470,280) 193 
(473,346) 114 
(486,417) 150 
(493,392) 171 
(497,345) 48 
(509,419) 220 
(510,420) 199 
(512,421) 68 
(513,171) 132 
(527,484) 168 
(528,445) 19 
(529,334) 181 
(538,347) 2 
