(114,125) 23 
(115,114) 23 
(121,323) 89 
(122,124) 7 
(123,122) 8 
(124,528) 7 
(125,397) 5 
(148,353) 160 
(157,377) 88 
(158,157) 2 
(170,534) 1 
(174,175) 7 
(175,174) 6 
(176,347) 150 
(183,348) 6 
(230,152) 9 
(237,517) 168 
(247,450) 125 
(258,438) 185 
(278,230) 9 
(286,521) 2 
(293,393) 7 
(300,301) 87 
(312,237) 168 
(313,386) 181 
(315,313) 177 
(319,318) 1 
(320,509) 183 
(321,320) 26 
(327,293) 1 
(329,296) 1 
(332,449) 5 
(334,182) 197 
(349,170) 1 
(352,378) 65 
(353,529) 44 
(356,294) 7 
(358,247) 55 
(359,493) 164 
(360,446) 64 
(370,300) 87 
(378,486) 155 
(382,549) 3 
(391,120) 6 
(392,121) 164 
(393,305) 7 
(396,447) 4 
(397,360) 5 
(414,157) 1 
(415,396) 5 
(417,325) 150 
(420,324) 204 
(423,357) 76 
(432,151) 79 
(438,401) 185 
(439,402) 219 
(441,324) 243 
(446,359) 66 
(450,321) 125 
(454,277) 14 
(462,451) 14 
(465,414) 1 
(470,280) 182 
(473,346) 121 
(486,417) 150 
(493,392) 164 
(497,345) 71 
(509,419) 219 
(510,420) 204 
(512,421) 68 
(513,171) 112 
(521,158) 2 
(527,484) 201 
(528,445) 9 
(529,334) 179 
(532,311) 1 
(538,347) 2 
(540,347) 3 
(549,540) 3 
