(114,125) 19 
(115,114) 19 
(121,323) 94 
(122,124) 7 
(123,122) 7 
(124,528) 7 
(125,397) 4 
(148,353) 135 
(157,377) 75 
(174,175) 7 
(175,174) 6 
(176,347) 153 
(183,348) 8 
(230,152) 6 
(237,517) 165 
(247,450) 130 
(258,438) 184 
(278,230) 6 
(293,393) 6 
(300,301) 91 
(312,237) 165 
(313,386) 175 
(315,313) 172 
(320,509) 195 
(321,320) 24 
(327,293) 3 
(329,296) 4 
(332,449) 5 
(334,182) 202 
(352,378) 70 
(353,385) 1 
(353,529) 40 
(356,294) 8 
(358,247) 56 
(359,493) 169 
(360,446) 75 
(370,300) 91 
(378,486) 165 
(382,549) 2 
(385,333) 1 
(392,121) 169 
(393,305) 6 
(396,447) 4 
(397,360) 5 
(398,228) 1 
(414,157) 3 
(415,396) 6 
(417,325) 154 
(420,324) 199 
(423,357) 86 
(432,151) 81 
(438,401) 184 
(439,402) 220 
(441,324) 244 
(446,359) 76 
(450,321) 130 
(454,277) 9 
(462,451) 16 
(464,295) 2 
(465,414) 3 
(470,280) 191 
(473,346) 121 
(486,417) 154 
(493,392) 167 
(497,345) 54 
(509,419) 220 
(510,420) 199 
(512,421) 78 
(513,171) 124 
(527,484) 175 
(528,445) 12 
(529,334) 171 
(538,347) 2 
(540,347) 2 
(549,540) 2 
