(114,125) 52 
(115,114) 52 
(121,323) 108 
(122,124) 192 
(123,122) 192 
(124,528) 140 
(125,397) 48 
(148,353) 331 
(153,293) 38 
(157,158) 1 
(157,377) 128 
(158,157) 31 
(158,521) 1 
(170,534) 41 
(173,321) 6 
(174,175) 60 
(175,174) 36 
(176,347) 236 
(183,348) 7 
(230,152) 123 
(235,434) 16 
(236,465) 15 
(237,517) 217 
(247,450) 95 
(253,494) 141 
(258,438) 252 
(278,230) 123 
(286,521) 30 
(293,393) 192 
(294,356) 1 
(300,301) 193 
(312,237) 217 
(313,386) 234 
(315,313) 169 
(319,318) 38 
(320,509) 278 
(321,320) 266 
(326,489) 8 
(327,293) 139 
(327,319) 36 
(329,235) 16 
(329,296) 65 
(332,449) 28 
(333,332) 221 
(334,182) 307 
(349,170) 41 
(350,545) 24 
(352,378) 280 
(353,385) 245 
(353,529) 140 
(355,539) 1 
(355,541) 2 
(356,294) 82 
(358,247) 143 
(359,493) 226 
(360,446) 262 
(362,330) 17 
(363,463) 2 
(370,300) 193 
(378,486) 280 
(382,549) 125 
(385,333) 245 
(389,433) 2 
(391,120) 70 
(392,121) 226 
(393,305) 192 
(396,447) 3 
(397,360) 48 
(410,404) 141 
(414,157) 16 
(415,396) 3 
(417,325) 280 
(420,324) 262 
(423,349) 12 
(423,357) 199 
(424,357) 63 
(424,541) 6 
(432,151) 216 
(434,532) 16 
(438,401) 252 
(439,402) 278 
(441,324) 327 
(445,258) 13 
(446,359) 262 
(450,321) 95 
(451,329) 90 
(454,277) 8 
(461,415) 3 
(462,451) 90 
(463,506) 2 
(464,295) 21 
(465,414) 16 
(466,356) 33 
(467,356) 8 
(470,280) 241 
(472,390) 141 
(473,346) 272 
(484,148) 333 
(486,417) 280 
(493,392) 226 
(496,353) 71 
(497,345) 134 
(506,389) 2 
(509,419) 278 
(510,420) 262 
(512,421) 193 
(513,171) 261 
(521,158) 31 
(524,526) 3 
(526,524) 1 
(527,484) 333 
(528,445) 13 
(529,334) 324 
(532,311) 27 
(536,546) 106 
(538,347) 7 
(539,294) 1 
(540,347) 125 
(541,355) 6 
(541,424) 2 
(544,350) 11 
(546,534) 1 
(546,535) 134 
(546,547) 1 
(547,546) 3 
(547,548) 6 
(548,547) 2 
(549,540) 125 
