(114,125) 34 
(115,114) 34 
(121,323) 100 
(122,124) 41 
(123,122) 41 
(124,528) 34 
(125,397) 22 
(148,353) 208 
(153,293) 2 
(157,377) 102 
(174,175) 8 
(175,174) 26 
(176,347) 200 
(183,348) 14 
(230,152) 33 
(236,465) 6 
(237,517) 177 
(247,450) 152 
(258,438) 221 
(278,230) 33 
(293,393) 41 
(300,301) 113 
(312,237) 177 
(313,386) 189 
(315,313) 155 
(319,318) 2 
(320,509) 236 
(321,320) 15 
(327,293) 16 
(329,296) 4 
(332,449) 21 
(334,182) 237 
(352,378) 183 
(353,385) 3 
(353,529) 50 
(356,294) 30 
(358,247) 94 
(359,493) 188 
(360,446) 144 
(362,330) 2 
(370,300) 113 
(378,486) 214 
(382,549) 21 
(385,333) 3 
(391,120) 3 
(392,121) 188 
(393,305) 41 
(397,360) 22 
(414,157) 26 
(417,325) 187 
(420,324) 228 
(423,357) 82 
(424,541) 1 
(432,151) 81 
(438,401) 221 
(439,402) 241 
(441,324) 259 
(446,359) 146 
(450,321) 152 
(454,277) 30 
(461,415) 3 
(462,451) 35 
(464,295) 3 
(465,414) 22 
(470,280) 190 
(473,346) 200 
(486,417) 187 
(493,392) 187 
(497,345) 110 
(509,419) 241 
(510,420) 228 
(512,421) 88 
(513,171) 166 
(527,484) 254 
(528,445) 16 
(529,334) 216 
(532,311) 1 
(538,347) 7 
(540,347) 21 
(541,355) 1 
(547,548) 1 
(549,540) 21 
