(114,125) 25 
(115,114) 25 
(121,323) 95 
(122,124) 51 
(123,122) 51 
(124,528) 43 
(125,397) 20 
(148,353) 210 
(153,293) 1 
(157,377) 99 
(174,175) 7 
(175,174) 26 
(176,347) 198 
(183,348) 10 
(230,152) 31 
(236,465) 6 
(237,517) 167 
(247,450) 153 
(258,438) 221 
(278,230) 31 
(293,393) 50 
(300,301) 113 
(312,237) 167 
(313,386) 182 
(315,313) 152 
(319,318) 1 
(320,509) 227 
(321,320) 15 
(327,293) 31 
(329,296) 4 
(332,449) 11 
(334,182) 230 
(352,378) 180 
(353,385) 1 
(353,529) 53 
(356,294) 26 
(358,247) 78 
(359,358) 1 
(359,493) 175 
(360,446) 140 
(362,330) 3 
(370,300) 113 
(378,486) 206 
(382,549) 22 
(385,333) 1 
(391,120) 1 
(392,121) 175 
(393,305) 50 
(397,360) 21 
(414,157) 23 
(417,325) 181 
(420,324) 230 
(423,357) 72 
(432,151) 67 
(438,401) 221 
(439,402) 237 
(441,324) 260 
(446,359) 138 
(450,321) 153 
(454,277) 14 
(461,415) 4 
(462,451) 31 
(464,295) 4 
(465,414) 22 
(470,280) 205 
(473,346) 184 
(486,417) 181 
(493,392) 173 
(497,345) 98 
(509,419) 237 
(510,420) 230 
(512,421) 99 
(513,171) 182 
(527,484) 252 
(528,445) 14 
(529,334) 207 
(532,311) 1 
(538,347) 7 
(540,347) 22 
(547,548) 2 
(549,540) 22 
