(114,125) 58 
(115,114) 58 
(121,323) 100 
(122,124) 185 
(123,122) 185 
(124,528) 132 
(125,397) 49 
(148,353) 332 
(152,527) 1 
(153,293) 35 
(153,317) 1 
(157,158) 1 
(157,377) 138 
(158,157) 37 
(158,521) 1 
(170,534) 37 
(173,321) 4 
(174,175) 58 
(175,174) 37 
(176,347) 232 
(183,348) 5 
(230,152) 123 
(235,434) 23 
(236,465) 14 
(237,517) 222 
(247,450) 91 
(253,494) 135 
(258,438) 253 
(278,230) 123 
(286,521) 36 
(293,393) 185 
(294,356) 1 
(294,542) 1 
(300,301) 194 
(303,331) 1 
(312,237) 222 
(313,386) 240 
(315,313) 177 
(319,318) 35 
(320,509) 276 
(321,320) 266 
(326,489) 9 
(327,293) 128 
(327,319) 33 
(329,235) 23 
(329,296) 64 
(330,362) 1 
(332,449) 20 
(333,332) 228 
(334,182) 313 
(349,170) 37 
(350,545) 18 
(352,378) 280 
(353,385) 244 
(353,529) 145 
(355,541) 3 
(356,294) 86 
(358,247) 151 
(359,493) 223 
(360,446) 262 
(362,330) 19 
(363,463) 1 
(370,300) 194 
(378,486) 280 
(382,549) 119 
(385,333) 244 
(389,433) 1 
(391,120) 63 
(392,121) 223 
(393,305) 185 
(396,447) 5 
(397,360) 49 
(410,404) 135 
(414,157) 18 
(415,396) 5 
(417,325) 280 
(420,324) 262 
(423,349) 17 
(423,357) 198 
(424,357) 79 
(424,541) 3 
(432,151) 216 
(434,532) 23 
(438,401) 253 
(439,402) 276 
(441,324) 313 
(445,258) 10 
(446,359) 262 
(450,321) 91 
(451,329) 95 
(454,277) 9 
(461,415) 5 
(462,451) 95 
(463,506) 1 
(464,295) 24 
(465,414) 18 
(466,356) 32 
(467,356) 7 
(470,280) 252 
(472,390) 135 
(473,346) 269 
(484,148) 333 
(486,417) 280 
(493,392) 223 
(496,353) 75 
(497,345) 126 
(506,389) 1 
(509,419) 276 
(510,420) 262 
(512,421) 191 
(513,171) 251 
(521,158) 37 
(524,258) 2 
(524,526) 7 
(526,524) 2 
(527,484) 333 
(528,445) 10 
(529,334) 322 
(532,311) 37 
(536,546) 112 
(538,347) 11 
(540,347) 119 
(541,355) 3 
(541,424) 3 
(542,550) 1 
(543,348) 1 
(544,350) 6 
(546,535) 136 
(547,546) 6 
(547,548) 1 
(548,547) 2 
(549,540) 119 
(550,543) 1 
