(114,125) 175 
(115,114) 175 
(121,323) 154 
(122,124) 199 
(123,122) 199 
(124,528) 199 
(125,397) 149 
(148,353) 274 
(152,432) 135 
(153,293) 189 
(157,377) 239 
(170,534) 29 
(174,175) 68 
(175,174) 93 
(176,347) 193 
(183,348) 71 
(226,227) 37 
(227,429) 37 
(229,398) 18 
(230,152) 117 
(237,517) 199 
(239,461) 71 
(242,243) 2 
(243,242) 71 
(247,450) 219 
(253,494) 1 
(258,438) 204 
(277,437) 1 
(278,230) 117 
(291,290) 18 
(293,393) 199 
(294,542) 13 
(300,301) 174 
(303,331) 63 
(306,359) 104 
(312,237) 199 
(313,386) 199 
(314,508) 189 
(315,313) 199 
(317,153) 189 
(318,314) 189 
(319,318) 189 
(320,509) 240 
(321,320) 31 
(327,293) 2 
(332,449) 253 
(333,332) 1 
(334,182) 274 
(347,176) 1 
(349,170) 29 
(351,140) 6 
(352,378) 181 
(353,385) 19 
(353,529) 274 
(354,496) 190 
(355,539) 1 
(356,294) 103 
(358,247) 198 
(359,306) 52 
(359,358) 102 
(359,493) 209 
(360,446) 199 
(362,330) 15 
(370,300) 174 
(377,358) 52 
(378,486) 197 
(382,549) 3 
(385,333) 19 
(391,120) 52 
(392,121) 209 
(393,305) 199 
(396,447) 41 
(397,360) 154 
(398,228) 37 
(405,520) 237 
(406,471) 162 
(414,157) 66 
(415,396) 44 
(417,325) 176 
(420,324) 215 
(423,349) 14 
(423,357) 30 
(424,541) 30 
(429,354) 37 
(431,148) 58 
(431,229) 18 
(432,151) 135 
(437,288) 1 
(438,401) 204 
(439,402) 240 
(441,324) 236 
(446,359) 199 
(450,321) 219 
(454,277) 237 
(461,415) 141 
(462,451) 199 
(464,295) 45 
(465,414) 33 
(466,356) 7 
(467,356) 2 
(470,280) 252 
(471,249) 162 
(473,346) 231 
(484,148) 18 
(486,417) 176 
(489,326) 3 
(490,332) 251 
(493,392) 209 
(496,353) 19 
(497,345) 229 
(499,406) 162 
(508,316) 189 
(509,419) 240 
(510,420) 215 
(512,421) 234 
(513,171) 177 
(524,526) 1 
(525,524) 1 
(527,152) 145 
(527,484) 272 
(528,445) 201 
(529,334) 274 
(532,311) 55 
(534,513) 30 
(535,512) 4 
(536,546) 42 
(538,347) 55 
(539,294) 1 
(540,347) 1 
(541,355) 30 
(542,550) 13 
(543,348) 13 
(544,350) 2 
(546,534) 5 
(546,535) 48 
(547,546) 7 
(547,548) 91 
(548,547) 1 
(549,540) 1 
(550,543) 13 
