(114,125) 31 
(115,114) 31 
(121,323) 106 
(122,124) 65 
(123,122) 63 
(124,528) 55 
(125,397) 20 
(148,353) 216 
(153,293) 1 
(157,377) 121 
(174,175) 7 
(175,174) 28 
(176,347) 192 
(183,348) 10 
(230,152) 29 
(236,465) 3 
(237,517) 172 
(247,450) 147 
(258,438) 219 
(278,230) 29 
(293,393) 63 
(300,301) 163 
(312,237) 172 
(313,386) 185 
(315,313) 153 
(319,318) 2 
(320,509) 230 
(321,320) 21 
(327,293) 21 
(329,296) 7 
(332,449) 17 
(334,182) 244 
(352,378) 176 
(353,529) 44 
(356,294) 30 
(358,247) 84 
(359,493) 199 
(360,446) 139 
(362,330) 4 
(370,300) 163 
(378,486) 208 
(382,549) 23 
(391,120) 8 
(392,121) 199 
(393,305) 63 
(396,447) 1 
(397,360) 20 
(414,157) 23 
(415,396) 1 
(417,325) 181 
(420,324) 228 
(423,357) 60 
(432,151) 63 
(438,401) 219 
(439,402) 239 
(441,324) 259 
(446,359) 140 
(450,321) 146 
(454,277) 26 
(461,415) 1 
(462,451) 34 
(464,295) 4 
(465,414) 21 
(470,280) 202 
(473,346) 178 
(486,417) 181 
(493,392) 198 
(497,345) 101 
(509,419) 239 
(510,420) 228 
(512,421) 81 
(513,171) 162 
(527,484) 260 
(528,445) 12 
(529,334) 219 
(532,311) 4 
(538,347) 7 
(540,347) 23 
(549,540) 23 
