(114,125) 52 
(115,114) 52 
(121,323) 115 
(122,124) 182 
(123,122) 182 
(124,528) 122 
(125,397) 47 
(148,353) 328 
(153,293) 34 
(153,317) 2 
(157,158) 3 
(157,377) 143 
(158,157) 33 
(158,521) 3 
(170,534) 31 
(173,321) 3 
(174,175) 61 
(175,174) 36 
(176,347) 233 
(183,348) 5 
(230,152) 124 
(235,434) 21 
(236,465) 20 
(237,517) 223 
(247,450) 92 
(253,494) 122 
(258,438) 253 
(269,375) 1 
(270,269) 1 
(278,230) 124 
(286,521) 30 
(291,290) 1 
(293,393) 182 
(294,356) 2 
(294,542) 1 
(300,301) 193 
(303,331) 2 
(312,237) 223 
(313,386) 240 
(315,313) 170 
(319,318) 34 
(320,509) 278 
(321,320) 265 
(326,489) 4 
(327,293) 139 
(327,319) 31 
(329,235) 21 
(329,296) 51 
(330,362) 2 
(332,449) 24 
(333,332) 223 
(334,182) 304 
(344,477) 1 
(349,170) 31 
(350,545) 27 
(352,378) 283 
(353,385) 243 
(353,529) 143 
(355,541) 4 
(356,294) 81 
(358,247) 149 
(359,493) 230 
(360,446) 261 
(362,330) 18 
(363,463) 3 
(365,399) 1 
(370,300) 193 
(375,365) 1 
(378,486) 283 
(382,549) 126 
(385,333) 243 
(389,433) 3 
(391,120) 63 
(392,121) 230 
(393,305) 182 
(396,447) 7 
(397,360) 47 
(399,344) 1 
(410,404) 122 
(414,157) 21 
(415,396) 7 
(417,325) 283 
(420,324) 264 
(423,349) 7 
(423,357) 210 
(424,357) 61 
(424,541) 8 
(432,151) 209 
(434,532) 21 
(438,401) 253 
(439,402) 278 
(441,324) 311 
(445,258) 13 
(446,359) 261 
(450,321) 92 
(451,329) 86 
(454,277) 4 
(461,415) 7 
(462,451) 86 
(463,506) 3 
(464,295) 25 
(465,414) 21 
(466,356) 34 
(467,356) 3 
(470,280) 250 
(472,390) 122 
(473,346) 268 
(477,427) 1 
(484,148) 329 
(486,417) 283 
(493,392) 230 
(496,353) 74 
(497,345) 125 
(506,389) 3 
(509,419) 278 
(510,420) 264 
(512,421) 190 
(513,171) 257 
(521,158) 33 
(524,258) 1 
(524,526) 4 
(526,524) 1 
(527,484) 329 
(528,445) 13 
(529,334) 319 
(532,311) 36 
(536,546) 116 
(538,347) 6 
(540,347) 126 
(541,355) 8 
(541,424) 4 
(542,550) 1 
(543,348) 1 
(544,350) 15 
(546,535) 132 
(547,546) 4 
(548,547) 4 
(549,540) 126 
(550,543) 1 
