(114,125) 33 
(115,114) 33 
(121,323) 102 
(122,124) 56 
(123,122) 56 
(124,528) 44 
(125,397) 19 
(148,353) 216 
(153,293) 2 
(157,377) 109 
(174,175) 9 
(175,174) 34 
(176,347) 197 
(183,348) 10 
(230,152) 37 
(236,465) 4 
(237,517) 167 
(247,450) 147 
(258,438) 219 
(278,230) 37 
(293,393) 56 
(300,301) 109 
(312,237) 167 
(313,386) 179 
(315,313) 151 
(319,318) 3 
(320,509) 233 
(321,320) 19 
(327,293) 20 
(329,296) 4 
(332,449) 17 
(334,182) 240 
(352,378) 189 
(353,385) 1 
(353,529) 47 
(356,294) 34 
(358,247) 92 
(359,358) 2 
(359,493) 192 
(360,446) 143 
(362,330) 5 
(363,463) 1 
(370,300) 109 
(378,486) 216 
(382,549) 27 
(385,333) 1 
(389,433) 1 
(391,120) 4 
(392,121) 192 
(393,305) 56 
(397,360) 19 
(414,157) 23 
(417,325) 176 
(420,324) 230 
(423,357) 101 
(432,151) 86 
(438,401) 219 
(439,402) 236 
(441,324) 258 
(446,359) 143 
(450,321) 147 
(454,277) 22 
(461,415) 4 
(462,451) 36 
(463,506) 1 
(464,295) 4 
(465,414) 22 
(470,280) 203 
(473,346) 190 
(486,417) 176 
(493,392) 192 
(497,345) 113 
(506,389) 1 
(509,419) 236 
(510,420) 230 
(512,421) 87 
(513,171) 171 
(527,484) 256 
(528,445) 16 
(529,334) 212 
(532,311) 2 
(536,546) 1 
(538,347) 6 
(540,347) 27 
(546,535) 1 
(549,540) 27 
