(114,125) 27 
(115,114) 27 
(121,323) 100 
(122,124) 48 
(123,122) 47 
(124,528) 39 
(125,397) 9 
(148,353) 203 
(153,293) 1 
(157,377) 109 
(174,175) 9 
(175,174) 31 
(176,347) 195 
(183,348) 8 
(230,152) 31 
(236,465) 4 
(237,517) 173 
(247,450) 145 
(258,438) 217 
(278,230) 31 
(293,393) 47 
(300,301) 121 
(312,237) 173 
(313,386) 185 
(315,313) 152 
(319,318) 2 
(320,509) 218 
(321,320) 20 
(327,293) 19 
(329,296) 6 
(332,449) 14 
(333,332) 1 
(334,182) 239 
(352,378) 159 
(353,385) 1 
(353,529) 51 
(356,294) 31 
(358,247) 75 
(359,493) 200 
(360,446) 124 
(362,330) 5 
(370,300) 121 
(378,486) 207 
(382,549) 24 
(385,333) 1 
(391,120) 5 
(392,121) 200 
(393,305) 47 
(396,447) 1 
(397,360) 9 
(414,157) 23 
(415,396) 1 
(417,325) 179 
(420,324) 231 
(423,357) 92 
(432,151) 80 
(438,401) 217 
(439,402) 238 
(441,324) 259 
(446,359) 121 
(450,321) 145 
(454,277) 25 
(461,415) 1 
(462,451) 38 
(464,295) 4 
(465,414) 22 
(470,280) 196 
(473,346) 183 
(486,417) 179 
(493,392) 196 
(497,345) 96 
(509,419) 238 
(510,420) 231 
(512,421) 78 
(513,171) 160 
(527,484) 244 
(528,445) 14 
(529,334) 205 
(538,347) 4 
(540,347) 24 
(547,548) 3 
(549,540) 24 
