(114,115) 24 
(114,125) 200 
(114,126) 2 
(115,114) 194 
(121,323) 159 
(122,124) 199 
(123,122) 199 
(124,528) 199 
(125,114) 30 
(125,397) 157 
(126,114) 2 
(130,352) 3 
(131,132) 19 
(132,131) 19 
(139,350) 20 
(148,353) 274 
(152,432) 135 
(153,293) 191 
(153,317) 10 
(157,377) 241 
(158,157) 5 
(168,169) 41 
(169,168) 41 
(169,244) 41 
(170,534) 190 
(174,175) 151 
(175,174) 63 
(176,347) 251 
(183,348) 213 
(226,227) 23 
(227,429) 23 
(230,152) 82 
(235,329) 9 
(236,465) 4 
(237,517) 200 
(239,242) 13 
(239,461) 127 
(240,241) 33 
(241,240) 33 
(242,239) 3 
(242,243) 14 
(243,242) 52 
(244,169) 41 
(244,245) 32 
(245,244) 32 
(247,450) 219 
(258,438) 205 
(277,437) 3 
(278,230) 81 
(286,155) 107 
(286,521) 6 
(291,290) 1 
(293,153) 10 
(293,393) 199 
(294,356) 25 
(294,541) 97 
(295,355) 6 
(295,464) 6 
(298,299) 174 
(299,370) 174 
(300,301) 179 
(303,331) 189 
(306,359) 51 
(311,532) 191 
(312,237) 200 
(313,386) 200 
(314,508) 181 
(315,313) 200 
(317,153) 191 
(318,314) 181 
(319,318) 181 
(320,509) 241 
(321,320) 38 
(327,293) 13 
(327,319) 181 
(329,296) 191 
(330,462) 101 
(331,303) 7 
(331,536) 44 
(332,449) 259 
(333,332) 3 
(334,182) 274 
(348,331) 130 
(348,537) 189 
(349,170) 21 
(350,544) 23 
(351,140) 9 
(351,422) 2 
(352,130) 2 
(352,378) 209 
(353,385) 4 
(353,529) 274 
(354,496) 206 
(355,538) 60 
(356,294) 65 
(357,331) 12 
(357,546) 165 
(358,247) 199 
(359,306) 23 
(359,358) 49 
(359,493) 209 
(360,446) 199 
(362,330) 147 
(370,300) 179 
(371,298) 162 
(377,358) 23 
(378,352) 1 
(378,486) 209 
(382,548) 31 
(385,333) 4 
(389,433) 74 
(391,120) 44 
(392,121) 209 
(393,305) 199 
(396,415) 5 
(396,447) 156 
(397,360) 113 
(398,228) 23 
(405,520) 252 
(406,471) 176 
(414,157) 84 
(415,396) 47 
(415,461) 3 
(417,325) 170 
(420,324) 215 
(422,351) 7 
(423,349) 13 
(423,357) 54 
(424,357) 37 
(424,540) 131 
(429,354) 23 
(431,148) 57 
(432,151) 135 
(433,389) 74 
(434,235) 9 
(437,288) 3 
(438,401) 205 
(439,402) 241 
(441,324) 237 
(446,359) 199 
(447,396) 72 
(450,321) 218 
(454,277) 252 
(461,239) 21 
(461,415) 140 
(462,451) 197 
(463,363) 111 
(464,295) 34 
(464,351) 1 
(465,236) 4 
(465,414) 53 
(466,356) 4 
(470,280) 243 
(471,249) 176 
(473,346) 229 
(486,417) 170 
(490,332) 259 
(493,392) 209 
(496,353) 4 
(497,345) 229 
(499,406) 176 
(508,316) 181 
(509,419) 241 
(510,420) 215 
(512,421) 234 
(513,171) 191 
(521,158) 5 
(521,286) 1 
(527,152) 181 
(527,484) 272 
(528,445) 201 
(529,334) 274 
(532,311) 192 
(532,434) 9 
(534,513) 14 
(534,545) 111 
(535,512) 69 
(536,547) 44 
(539,347) 10 
(540,355) 131 
(541,549) 97 
(542,348) 145 
(543,350) 5 
(545,534) 17 
(545,535) 193 
(546,357) 9 
(546,535) 2 
(546,545) 61 
(548,539) 10 
(549,542) 145 
