(114,125) 61 
(115,114) 61 
(121,323) 80 
(122,124) 188 
(123,122) 188 
(124,528) 127 
(125,397) 58 
(148,353) 298 
(152,527) 9 
(153,293) 56 
(157,377) 121 
(158,157) 34 
(170,534) 16 
(174,175) 132 
(175,174) 47 
(175,382) 3 
(176,347) 269 
(183,348) 2 
(229,431) 82 
(230,152) 105 
(235,329) 1 
(235,434) 21 
(236,465) 4 
(237,517) 224 
(247,450) 114 
(253,494) 127 
(258,438) 271 
(278,230) 105 
(286,521) 34 
(293,393) 188 
(294,356) 29 
(295,464) 1 
(300,301) 204 
(303,331) 1 
(312,237) 224 
(313,386) 242 
(315,313) 176 
(319,318) 56 
(320,509) 289 
(321,320) 281 
(327,293) 94 
(327,319) 56 
(329,235) 22 
(329,296) 65 
(333,332) 256 
(334,182) 278 
(348,537) 99 
(349,170) 16 
(350,544) 1 
(352,378) 295 
(353,385) 267 
(353,529) 27 
(356,294) 48 
(357,546) 15 
(358,247) 143 
(359,493) 208 
(360,446) 271 
(362,330) 13 
(370,300) 204 
(378,486) 295 
(382,548) 177 
(385,333) 267 
(391,120) 76 
(392,121) 208 
(393,305) 188 
(396,447) 3 
(397,360) 58 
(410,404) 127 
(414,157) 4 
(415,396) 3 
(417,325) 295 
(420,324) 282 
(423,349) 7 
(423,357) 233 
(424,357) 3 
(424,540) 2 
(431,229) 82 
(432,151) 220 
(434,532) 21 
(438,401) 271 
(439,402) 289 
(441,324) 343 
(445,258) 7 
(446,359) 271 
(450,321) 114 
(451,329) 95 
(461,415) 3 
(462,451) 95 
(464,295) 26 
(465,414) 4 
(467,356) 8 
(470,280) 288 
(472,390) 127 
(473,346) 281 
(484,148) 297 
(486,417) 295 
(493,392) 208 
(496,353) 3 
(497,345) 247 
(509,419) 289 
(510,420) 282 
(512,421) 217 
(513,171) 262 
(521,158) 34 
(524,526) 3 
(527,484) 297 
(528,445) 7 
(529,334) 298 
(532,311) 42 
(539,347) 168 
(540,355) 2 
(542,348) 3 
(543,350) 1 
(545,534) 3 
(545,535) 5 
(546,545) 5 
(548,539) 168 
(549,542) 3 
