(114,125) 60 
(115,114) 60 
(121,323) 89 
(122,124) 188 
(123,122) 188 
(124,528) 145 
(125,397) 57 
(148,353) 298 
(151,432) 1 
(152,527) 9 
(153,293) 75 
(157,377) 110 
(158,157) 22 
(170,534) 11 
(174,175) 140 
(175,174) 48 
(175,382) 2 
(176,347) 269 
(183,348) 1 
(229,431) 75 
(230,152) 105 
(235,329) 2 
(235,434) 21 
(236,465) 7 
(237,517) 223 
(247,450) 107 
(253,494) 145 
(258,438) 271 
(278,230) 105 
(286,521) 22 
(293,393) 188 
(294,356) 22 
(300,301) 206 
(303,331) 1 
(312,237) 223 
(313,386) 241 
(315,313) 192 
(319,318) 75 
(320,509) 288 
(321,320) 281 
(327,293) 91 
(327,319) 75 
(329,235) 23 
(329,296) 83 
(333,332) 254 
(334,182) 277 
(348,537) 99 
(349,170) 11 
(352,378) 295 
(353,385) 264 
(353,529) 28 
(356,294) 48 
(357,546) 17 
(358,247) 132 
(359,493) 209 
(360,446) 271 
(362,330) 9 
(370,300) 206 
(378,486) 295 
(382,548) 185 
(385,333) 264 
(391,120) 74 
(392,121) 209 
(393,305) 188 
(396,447) 3 
(397,360) 57 
(410,404) 145 
(414,157) 7 
(415,396) 3 
(417,325) 295 
(420,324) 282 
(423,349) 4 
(423,357) 230 
(424,357) 1 
(424,540) 2 
(431,229) 75 
(432,151) 214 
(434,532) 21 
(438,401) 271 
(439,402) 288 
(441,324) 344 
(445,258) 5 
(446,359) 271 
(450,321) 107 
(451,329) 117 
(461,415) 3 
(462,451) 117 
(464,295) 22 
(465,414) 7 
(467,356) 8 
(470,280) 291 
(472,390) 145 
(473,346) 279 
(484,148) 298 
(486,417) 295 
(493,392) 209 
(496,353) 2 
(497,345) 242 
(509,419) 288 
(510,420) 282 
(512,421) 221 
(513,171) 269 
(521,158) 22 
(524,526) 1 
(527,484) 298 
(528,445) 5 
(529,334) 298 
(532,311) 40 
(539,347) 180 
(540,355) 2 
(542,348) 4 
(543,350) 1 
(545,534) 3 
(545,535) 3 
(546,545) 5 
(548,539) 180 
(549,542) 4 
