(114,125) 12 
(115,114) 12 
(121,323) 104 
(122,124) 55 
(123,122) 54 
(124,528) 47 
(125,397) 19 
(148,353) 209 
(153,293) 2 
(157,377) 108 
(158,157) 2 
(170,534) 1 
(174,175) 6 
(175,174) 30 
(176,347) 187 
(183,348) 10 
(230,152) 31 
(236,465) 4 
(237,517) 177 
(247,450) 148 
(258,438) 212 
(278,230) 31 
(286,521) 2 
(293,393) 52 
(300,301) 126 
(312,237) 177 
(313,386) 189 
(315,313) 163 
(319,318) 3 
(320,509) 225 
(321,320) 26 
(327,293) 23 
(329,296) 8 
(332,449) 19 
(333,332) 1 
(334,182) 243 
(349,170) 1 
(352,378) 180 
(353,385) 1 
(353,529) 55 
(356,294) 31 
(358,247) 95 
(359,493) 191 
(360,446) 144 
(362,330) 4 
(363,463) 2 
(370,300) 126 
(378,486) 213 
(382,549) 27 
(385,333) 1 
(389,433) 2 
(391,120) 9 
(392,121) 191 
(393,305) 53 
(397,360) 19 
(414,157) 23 
(417,325) 186 
(420,324) 228 
(423,349) 1 
(423,357) 101 
(424,357) 1 
(432,151) 77 
(438,401) 212 
(439,402) 232 
(441,324) 258 
(446,359) 149 
(450,321) 148 
(454,277) 31 
(462,451) 38 
(463,506) 2 
(464,295) 3 
(465,414) 20 
(470,280) 194 
(473,346) 189 
(486,417) 186 
(493,392) 184 
(497,345) 102 
(506,389) 2 
(509,419) 232 
(510,420) 228 
(512,421) 86 
(513,171) 176 
(521,158) 2 
(527,484) 250 
(528,445) 12 
(529,334) 216 
(532,311) 1 
(538,347) 6 
(540,347) 27 
(547,548) 1 
(549,540) 27 
