(114,125) 56 
(115,114) 56 
(121,323) 97 
(122,124) 183 
(123,122) 183 
(124,528) 134 
(125,397) 52 
(148,353) 335 
(148,431) 1 
(153,293) 34 
(153,317) 1 
(157,158) 3 
(157,377) 124 
(158,157) 27 
(158,521) 3 
(170,534) 37 
(173,321) 5 
(174,175) 59 
(175,174) 35 
(176,347) 236 
(183,348) 5 
(229,398) 1 
(230,152) 121 
(235,434) 25 
(236,465) 9 
(237,517) 222 
(247,450) 95 
(253,494) 139 
(258,438) 250 
(269,376) 1 
(270,269) 1 
(278,230) 121 
(286,521) 24 
(291,290) 1 
(293,393) 183 
(294,356) 2 
(294,542) 1 
(300,301) 198 
(312,237) 222 
(313,386) 239 
(315,313) 183 
(319,318) 34 
(320,509) 278 
(321,320) 268 
(326,489) 18 
(327,293) 137 
(327,319) 30 
(329,235) 25 
(329,296) 62 
(330,362) 2 
(332,333) 1 
(332,449) 26 
(333,332) 225 
(334,182) 307 
(349,170) 37 
(350,545) 23 
(352,378) 281 
(353,385) 244 
(353,529) 148 
(355,541) 6 
(356,294) 92 
(358,247) 138 
(359,358) 1 
(359,493) 228 
(360,446) 261 
(362,330) 18 
(363,463) 2 
(370,300) 198 
(376,335) 1 
(378,486) 281 
(382,549) 120 
(385,333) 244 
(389,433) 2 
(391,120) 74 
(392,121) 228 
(393,305) 183 
(396,447) 3 
(397,360) 52 
(398,228) 1 
(410,404) 139 
(414,157) 15 
(415,396) 3 
(417,325) 281 
(420,324) 260 
(423,349) 10 
(423,357) 204 
(424,357) 78 
(424,541) 4 
(431,229) 1 
(432,151) 216 
(434,532) 25 
(438,401) 250 
(439,402) 278 
(441,324) 326 
(445,258) 11 
(446,359) 261 
(450,321) 95 
(451,329) 97 
(454,277) 18 
(461,415) 3 
(462,451) 97 
(463,506) 2 
(464,295) 22 
(465,414) 15 
(466,356) 30 
(467,356) 7 
(470,280) 244 
(472,390) 139 
(473,346) 269 
(484,148) 335 
(486,417) 281 
(493,392) 228 
(496,353) 74 
(497,345) 126 
(506,389) 2 
(509,419) 278 
(510,420) 260 
(512,421) 191 
(513,171) 257 
(521,158) 27 
(524,258) 5 
(524,526) 4 
(526,524) 5 
(527,484) 335 
(528,445) 11 
(529,334) 323 
(532,311) 39 
(536,546) 99 
(538,347) 7 
(540,347) 120 
(541,355) 4 
(541,424) 6 
(542,550) 1 
(543,348) 1 
(544,350) 12 
(546,534) 5 
(546,535) 137 
(546,547) 1 
(547,546) 16 
(547,548) 4 
(548,547) 3 
(549,540) 120 
(550,543) 1 
