(114,125) 56 
(115,114) 56 
(121,323) 115 
(122,124) 183 
(123,122) 183 
(124,528) 132 
(125,397) 50 
(148,353) 338 
(153,293) 29 
(153,317) 1 
(157,158) 3 
(157,377) 136 
(158,157) 31 
(158,521) 3 
(170,534) 32 
(173,321) 8 
(174,175) 50 
(175,174) 37 
(176,347) 237 
(183,348) 6 
(230,152) 120 
(235,434) 18 
(236,465) 18 
(237,517) 222 
(247,450) 92 
(253,494) 135 
(258,438) 254 
(278,230) 120 
(286,521) 28 
(291,290) 1 
(293,393) 183 
(294,356) 1 
(295,464) 2 
(300,301) 189 
(303,331) 3 
(312,237) 222 
(313,386) 240 
(315,313) 178 
(319,318) 29 
(320,509) 278 
(321,320) 265 
(326,489) 15 
(327,293) 136 
(327,319) 27 
(329,235) 18 
(329,296) 52 
(330,362) 1 
(332,449) 40 
(333,332) 228 
(334,182) 311 
(349,170) 32 
(350,545) 30 
(352,378) 282 
(353,385) 252 
(353,529) 139 
(355,541) 6 
(356,294) 89 
(358,247) 147 
(359,493) 236 
(360,446) 262 
(362,330) 15 
(363,463) 3 
(370,300) 189 
(378,486) 282 
(382,549) 112 
(385,333) 252 
(389,433) 3 
(391,120) 76 
(392,121) 236 
(393,305) 183 
(396,447) 10 
(397,360) 50 
(410,404) 135 
(414,157) 22 
(415,396) 10 
(417,325) 282 
(420,324) 263 
(423,349) 8 
(423,357) 206 
(424,357) 63 
(424,541) 7 
(432,151) 218 
(434,532) 18 
(438,401) 254 
(439,402) 278 
(441,324) 312 
(445,258) 9 
(446,359) 262 
(450,321) 92 
(451,329) 84 
(454,277) 15 
(461,415) 10 
(462,451) 84 
(463,506) 3 
(464,295) 28 
(465,414) 22 
(466,356) 35 
(467,356) 10 
(470,280) 232 
(472,390) 135 
(473,346) 271 
(484,148) 336 
(486,417) 282 
(493,392) 236 
(496,353) 74 
(497,345) 148 
(506,389) 3 
(509,419) 278 
(510,420) 263 
(512,421) 189 
(513,171) 255 
(521,158) 31 
(524,526) 1 
(527,484) 336 
(528,445) 9 
(529,334) 326 
(532,311) 32 
(534,546) 1 
(536,546) 104 
(538,347) 8 
(540,347) 112 
(541,355) 7 
(541,424) 6 
(544,350) 18 
(546,534) 4 
(546,535) 133 
(546,547) 1 
(547,546) 14 
(547,548) 3 
(548,547) 6 
(549,540) 112 
