(114,125) 31 
(115,114) 31 
(121,323) 107 
(122,124) 58 
(123,122) 58 
(124,528) 42 
(125,397) 21 
(148,353) 221 
(157,377) 103 
(174,175) 6 
(175,174) 29 
(176,347) 194 
(183,348) 7 
(230,152) 32 
(236,465) 2 
(237,517) 173 
(247,450) 146 
(258,438) 218 
(278,230) 32 
(293,393) 58 
(300,301) 114 
(312,237) 173 
(313,386) 184 
(315,313) 144 
(320,509) 230 
(321,320) 19 
(327,293) 19 
(329,296) 3 
(332,449) 13 
(333,332) 1 
(334,182) 243 
(352,378) 175 
(353,385) 1 
(353,529) 49 
(356,294) 30 
(358,247) 76 
(359,493) 187 
(360,446) 147 
(362,330) 3 
(370,300) 114 
(378,486) 215 
(382,549) 23 
(385,333) 1 
(391,120) 2 
(392,121) 187 
(393,305) 58 
(397,360) 21 
(414,157) 20 
(417,325) 192 
(420,324) 231 
(423,357) 68 
(432,151) 81 
(438,401) 218 
(439,402) 239 
(441,324) 259 
(446,359) 145 
(450,321) 144 
(454,277) 19 
(461,415) 4 
(462,451) 27 
(464,295) 5 
(465,414) 20 
(470,280) 209 
(473,346) 190 
(486,417) 192 
(493,392) 185 
(497,345) 99 
(509,419) 239 
(510,420) 231 
(512,421) 91 
(513,171) 168 
(527,484) 259 
(528,445) 11 
(529,334) 218 
(532,311) 1 
(538,347) 3 
(540,347) 23 
(546,534) 1 
(549,540) 23 
