(114,125) 25 
(115,114) 25 
(121,323) 99 
(122,124) 23 
(123,122) 23 
(124,528) 20 
(125,397) 3 
(148,353) 138 
(157,377) 93 
(174,175) 8 
(175,174) 1 
(176,347) 147 
(183,348) 9 
(230,152) 11 
(236,465) 2 
(237,517) 155 
(247,450) 132 
(258,438) 205 
(278,230) 11 
(293,393) 21 
(300,301) 113 
(312,237) 155 
(313,386) 166 
(315,313) 164 
(320,509) 197 
(321,320) 21 
(327,293) 13 
(329,296) 3 
(332,449) 6 
(334,182) 230 
(352,378) 97 
(353,529) 53 
(356,294) 1 
(358,247) 65 
(359,493) 179 
(360,446) 86 
(362,330) 3 
(370,300) 113 
(378,486) 194 
(382,549) 8 
(391,120) 2 
(392,121) 179 
(393,305) 21 
(396,447) 4 
(397,360) 3 
(398,228) 1 
(414,157) 17 
(415,396) 5 
(417,325) 166 
(420,324) 211 
(423,349) 1 
(423,357) 86 
(432,151) 68 
(438,401) 205 
(439,402) 226 
(441,324) 250 
(446,359) 87 
(450,321) 132 
(454,277) 15 
(461,415) 2 
(462,451) 29 
(464,295) 2 
(465,414) 14 
(470,280) 184 
(473,346) 124 
(486,417) 166 
(493,392) 178 
(497,345) 65 
(509,419) 226 
(510,420) 211 
(512,421) 77 
(513,171) 128 
(527,484) 183 
(528,445) 21 
(529,334) 207 
(532,311) 2 
(538,347) 7 
(540,347) 8 
(549,540) 8 
