(114,125) 24 
(115,114) 23 
(121,323) 92 
(122,124) 14 
(123,122) 15 
(124,528) 13 
(125,397) 9 
(148,353) 147 
(153,293) 2 
(157,377) 94 
(158,157) 2 
(174,175) 5 
(175,174) 11 
(176,347) 159 
(183,348) 11 
(230,152) 11 
(237,517) 159 
(247,450) 128 
(258,438) 204 
(278,230) 11 
(286,521) 2 
(293,393) 16 
(300,301) 101 
(312,237) 159 
(313,386) 169 
(315,313) 168 
(319,318) 4 
(320,509) 201 
(321,320) 20 
(327,293) 2 
(329,296) 2 
(332,449) 6 
(334,182) 224 
(352,378) 74 
(353,529) 46 
(356,294) 12 
(358,247) 63 
(359,493) 173 
(360,446) 92 
(362,330) 2 
(370,300) 101 
(378,486) 171 
(382,549) 9 
(391,120) 6 
(392,121) 174 
(393,305) 16 
(396,447) 1 
(397,360) 10 
(398,228) 1 
(414,157) 2 
(415,396) 2 
(417,325) 161 
(420,324) 207 
(423,357) 69 
(432,151) 57 
(438,401) 204 
(439,402) 225 
(441,324) 251 
(446,359) 99 
(450,321) 127 
(454,277) 17 
(461,415) 1 
(462,451) 23 
(464,295) 2 
(465,414) 2 
(470,280) 180 
(473,346) 106 
(486,417) 161 
(493,392) 172 
(497,345) 68 
(509,419) 225 
(510,420) 207 
(512,421) 67 
(513,171) 137 
(521,158) 2 
(527,484) 185 
(528,445) 14 
(529,334) 196 
(536,546) 1 
(538,347) 11 
(540,347) 9 
(546,535) 1 
(549,540) 9 
