(114,125) 20 
(115,114) 19 
(121,323) 88 
(122,124) 13 
(123,122) 12 
(124,528) 11 
(125,397) 8 
(148,353) 152 
(153,293) 1 
(157,377) 84 
(158,157) 3 
(174,175) 7 
(175,174) 1 
(176,347) 149 
(183,348) 12 
(230,152) 20 
(237,517) 159 
(247,450) 118 
(258,438) 202 
(278,230) 20 
(286,521) 3 
(293,393) 15 
(300,301) 109 
(312,237) 159 
(313,386) 168 
(315,313) 162 
(319,318) 1 
(320,509) 201 
(321,320) 27 
(327,293) 4 
(332,449) 2 
(334,182) 225 
(352,378) 75 
(353,529) 55 
(356,294) 1 
(358,247) 58 
(359,493) 185 
(360,446) 92 
(370,300) 109 
(378,486) 178 
(382,549) 10 
(391,120) 6 
(392,121) 185 
(393,305) 13 
(396,447) 3 
(397,360) 8 
(414,157) 2 
(415,396) 4 
(417,325) 164 
(420,324) 206 
(423,349) 1 
(423,357) 81 
(432,151) 84 
(438,401) 202 
(439,402) 221 
(441,324) 249 
(446,359) 99 
(450,321) 118 
(454,277) 13 
(461,415) 2 
(462,451) 17 
(464,295) 2 
(465,414) 1 
(470,280) 197 
(473,346) 131 
(486,417) 164 
(493,392) 182 
(497,345) 58 
(509,419) 221 
(510,420) 206 
(512,421) 82 
(513,171) 128 
(521,158) 3 
(527,484) 207 
(528,445) 19 
(529,334) 181 
(536,546) 1 
(538,347) 9 
(540,347) 10 
(549,540) 10 
