2,361,0.23597293853787882,2,0
3,362,0.08491452217045455,0,0
3,363,0.1350319671628788,0,0
4,364,0.05360875606439394,0,0
4,365,0.2956092834469697,0,0
5,366,0.11352216720454546,0,0
5,367,0.03553201198484848,1,0
6,195,0.49518997192424247,0,0
6,368,0.13349905014015154,0,0
7,281,0.08342781067045456,0,0
7,369,0.023211686609848483,0,0
8,370,0.20476987838636365,0,0
8,371,0.2162901878371212,0,0
9,262,0.09448981285227273,0,0
9,372,0.04978558063636363,0,0
10,373,0.43139175415151515,0,0
11,374,0.2672416687007576,0,0
12,375,0.002803770602272727,0,0
12,376,0.045854902268939395,0,0
13,306,0.43641723632954543,0,0
13,377,0.042168684007575764,0,0
14,280,0.15612213134848485,0,0
15,113,0.032886354924242425,0,0
15,251,0.06977972030681819,0,0
16,378,0.19715776443560606,0,0
16,379,0.0034609469772727275,0,0
17,380,0.14945435523863634,0,0
17,381,0.010033559799242425,0,0
18,382,0.10740638732954545,0,0
18,383,0.08948287010227272,0,0
19,384,0.04113482952272727,0,0
19,385,0.032475736140151513,0,0
20,386,0.024937696458333335,0,0
20,387,0.0793486642840909,0,0
21,388,0.07106338977651515,0,0
22,329,0.41562129974242423,0,0
22,389,0.004650370181818182,0,0
23,390,0.588306198121212,0,0
24,391,0.46000076293939396,0,0
24,392,0.025114395617424245,0,0
25,182,0.2793910217272727,0,0
25,185,0.20820455551136366,0,0
25,186,0.18182567596590907,0,0
26,305,0.06169440269318182,0,0
26,393,0.009659112094696968,0,0
27,394,0.3996697616590909,0,0
28,276,0.22468784332196973,0,0
28,395,0.05412264346969697,3,0
29,396,0.33034641265909087,0,0
29,397,0.23310371398863633,0,0
30,229,0.1295788764962121,0,0
30,398,0.11122772216666667,0,0
31,399,0.45323955535984845,0,0
31,400,0.04378808021590909,0,0
32,401,0.1384654617310606,0,0
32,402,0.042229223249999996,0,0
33,201,0.1712506675719697,0,0
33,403,0.023902723787878787,0,0
34,404,0.2232703208939394,0,0
35,176,0.2596315002424242,0,0
35,405,0.09366851806818183,0,0
36,198,0.25180555343560607,0,0
36,200,0.2609939384469697,1,0
37,406,0.24776985168560606,0,0
37,407,0.3500045013409091,0,0
38,408,0.059388518333333334,0,0
38,409,0.21810157775757577,0,0
39,404,0.15280912399242425,0,0
39,410,0.04791329383712121,0,0
40,224,0.2815322303787879,0,0
40,289,0.39967369079545456,0,0
41,411,0.39855392456060607,0,0
42,412,0.05688875675378788,5,0
42,413,0.02427310943560606,0,0
43,414,0.045605950356060604,0,0
43,415,0.5945278167727273,0,0
44,416,0.07984115123863636,0,0
44,417,0.5993527221666667,0,0
45,163,0.3565232467651515,0,0
45,418,0.014293715954545453,0,0
46,419,0.021036086083333336,0,0
46,420,0.3794268417348485,0,0
47,421,0.01551520824621212,0,0
48,351,0.4651375579848485,0,0
48,422,0.1018741989128788,0,0
49,183,0.22566654,0,0
49,303,0.19251202,0,0
49,423,0.11214186668560605,0,0
49,424,0.008996784685606059,0,0
49,536,0.06226802000000001,0,0
50,296,0.03655088424621212,0,0
50,425,0.07978750705681818,0,0
51,426,0.006870564818181818,0,0
51,427,0.37215995788636363,0,0
52,428,0.4992958068863637,1,0
52,429,0.001059269606060606,0,0
53,430,0.018050502537878786,0,0
54,431,0.027955198287878787,0,0
54,432,0.5244861221325757,0,0
55,433,0.005707359314393939,0,0
55,434,0.010824869871212122,0,0
56,237,0.19775999069318181,0,0
56,435,0.06478479385227272,0,0
57,324,0.5568331909166667,0,0
57,436,0.17676820754924244,0,0
58,437,0.15382705688636364,0,0
59,438,0.009007706643939394,0,0
59,439,0.39764598846590915,0,0
60,369,0.42436424255303024,0,0
60,440,0.22058837890530303,0,0
61,129,0.572745285034091,0,0
61,441,0.027616009712121213,0,0
62,442,0.09515112876893937,0,0
62,443,0.4563722610492424,0,0
63,444,0.5003166580189393,0,0
63,445,0.4382147979734849,0,0
64,446,0.05503655910606061,0,0
64,447,0.1460442543030303,0,0
65,448,0.010131994484848488,0,0
65,449,0.17259073257575758,0,0
66,321,0.21380201339772728,0,0
66,450,0.011460578443181818,0,0
67,451,0.11281376838636364,0,0
67,532,0.38519142150757574,0,0
68,421,0.5238417053219697,0,0
68,452,0.04155445575757575,0,0
69,453,0.44521324157575753,0,0
69,454,0.14931324005303032,0,0
70,455,0.05040421009090909,0,0
70,456,0.031896252632575756,19,0
71,410,0.2346516609204545,0,0
71,457,0.017923309803030304,0,0
72,458,0.02484177351136364,0,0
72,459,0.02687565803409091,0,0
73,435,0.3422340393068181,0,0
73,460,0.00894751965909091,0,0
74,240,0.13301616668560606,0,0
74,461,0.08764420509469698,0,0
75,462,0.0986151123030303,0,0
75,463,0.23625732421969697,0,0
76,243,0.08446487426893938,0,0
76,464,0.43231117248484857,0,0
77,286,0.24553279876893938,0,0
77,465,0.10646032333333334,0,0
78,466,0.41851299285984844,0,0
78,467,0.022938034534090903,0,0
79,291,0.005806094409090908,0,0
79,468,0.4576421737689394,0,0
80,469,0.5071245193484849,0,0
80,470,0.4171852111818181,0,0
81,471,0.4157567214962121,0,0
81,472,0.2809319496136364,0,0
82,473,0.22679050445454546,2,0
83,474,0.09292038917424243,0,0
83,475,0.0066158014545454535,0,0
84,282,0.5955916976931819,0,0
84,476,0.014866155386363638,0,0
85,477,0.12226309776136363,0,0
85,478,0.08975379943939395,0,0
86,479,0.29901145935227275,0,0
86,480,0.26650444030681814,0,0
87,436,0.14523833275,0,0
88,481,0.20670181274242425,0,0
88,482,0.4675468826287878,0,0
89,483,0.3412193679810606,0,0
89,484,0.1849343109128788,0,0
90,246,0.10433254242045452,0,0
90,485,0.001092458443181818,0,0
91,470,0.5494260787954545,0,0
91,486,0.02067540884090909,0,0
92,487,0.5304323959356061,0,0
92,488,0.5706189727765151,0,0
93,489,0.3935132598863636,0,0
93,490,0.42515956878787875,0,0
94,491,0.00834857225378788,0,0
94,492,0.3130649375909091,0,0
95,392,0.45757457733333334,0,0
95,493,0.033353340625,0,0
96,494,0.147690973280303,0,0
96,495,0.06264123916666667,0,0
97,496,0.035983040333333334,0,0
97,497,0.24973415374621208,0,0
98,218,0.059985942840909086,0,0
98,498,0.010744436981060606,0,0
99,410,0.3458594131477273,0,0
99,499,0.03822806120075757,0,0
100,500,0.0012336987272727272,0,0
100,501,0.22325149535984848,0,0
101,502,0.015169907806818182,0,0
101,503,0.1879374885568182,4,0
102,504,0.007273519636363637,0,0
102,505,0.2512243843068182,0,0
103,389,0.1252679729469697,0,0
103,506,0.059702472685606064,0,0
104,507,0.0035094821439393942,0,0
104,508,0.018123660087121216,0,0
105,509,0.36106807708712124,0,0
105,510,0.0394998812689394,0,0
106,189,0.3281278991704546,0,0
106,511,0.030629963875000003,0,0
107,512,0.0417743539810606,0,0
107,513,0.39764808654924244,0,0
108,514,0.020118734837121215,0,0
108,515,0.01894870400378788,0,0
109,516,0.17917583465530304,0,0
110,180,0.16134590148863634,0,0
110,289,0.052030038833333334,0,0
111,485,0.015812443601928374,0,0
111,526,0.009629222750000001,0,0
112,1,2.705627705627706e-05,0,0
112,113,0.19194543021103896,0,0
113,15,0.03654039436026936,0,0
113,112,0.19194543021103896,0,0
113,251,0.055894630606060605,0,0
114,115,0.3121001023513986,0,0
114,125,0.1155383427935606,0,0
114,126,0.008325607668732783,0,0
115,114,0.3121001023513986,0,0
115,140,0.4021442413320707,0,0
116,118,0.006336192441724942,0,0
117,248,0.004846983605371901,0,0
118,116,0.006336192441724942,0,0
118,248,0.04666879360431236,0,0
118,301,0.24268829639277392,0,0
119,239,0.0025697265675990676,0,0
119,240,0.007879290212703963,0,0
120,130,0.025622388295454546,0,0
120,322,0.13394002914502165,0,0
120,391,0.17049031938852816,0,0
121,323,0.10433204650757576,0,0
121,391,0.012474218281680442,0,0
121,392,0.35754213968939397,0,0
122,123,0.22379433768127707,0,0
122,124,0.09684525403236914,0,0
123,122,0.22379433768127707,0,0
123,304,0.001388280340909091,0,0
123,305,0.0449344515814394,0,0
124,122,0.09684525403236914,0,0
124,495,0.00978597879292929,0,0
124,528,0.23988721211868688,0,0
125,114,0.1155383427935606,0,0
125,397,0.182779909770202,0,0
126,114,0.008325607668732783,0,0
127,350,0.0014656375233100232,0,0
128,139,0.13538303375291375,0,0
129,61,0.4091037750243507,0,0
129,458,0.02609152577134986,0,0
130,120,0.025622388295454546,0,0
130,352,0.3136645998268398,0,0
130,458,0.30308388301406924,0,0
131,132,0.13545309413567494,0,0
131,134,0.12139183998106061,0,0
131,135,0.007050052555096419,0,0
132,131,0.13545309413567494,0,0
133,294,0.01450806205922865,0,0
134,131,0.12139183998106061,0,0
134,467,0.11570457311771562,0,0
135,131,0.007050052555096419,0,0
136,522,0.001524262875631313,0,0
137,144,0.0498623053219697,0,0
138,167,0.04571969668181818,1,0
138,265,0.4877579243989899,0,0
138,403,0.17678471974025975,0,0
139,128,0.13538303375291375,0,0
139,140,0.09122662110881544,0,0
139,350,0.10110353323135197,0,0
140,115,0.4021442413320707,0,0
140,139,0.09122662110881544,0,0
140,351,0.09169100920454547,0,0
141,341,0.0027204034722222224,0,0
142,342,0.0001228345562770563,0,0
143,260,1.2365250481481482,0,0
143,523,0.033406215904356065,0,0
144,137,0.0498623053219697,0,0
144,160,0.1118361677435065,0,0
144,523,0.3181667327884615,0,0
145,335,0.002710677683982684,0,0
146,225,0.06680462360479797,4,0
146,491,0.5329273223863635,0,0
146,498,0.4331138065882035,0,0
147,148,0.060973847707070705,0,0
148,147,0.060973847707070705,0,0
148,353,0.29374053955050505,2,0
148,431,0.07528243431818181,0,0
149,290,0.002487889391025641,0,0
150,346,0.001865106277548209,0,0
151,432,0.6517272404274892,0,0
151,473,0.14914192472132035,0,0
152,230,0.10838278857093663,0,0
152,432,0.05754362019628099,0,0
152,527,0.1592712538582251,0,0
153,293,0.3549449375703463,0,0
153,317,0.05945592721275252,0,0
153,318,0.04447117285123967,0,0
154,155,0.2551425640413753,0,0
155,154,0.2551425640413753,0,0
155,286,0.11125414530555555,0,0
155,330,0.11402286529545454,0,0
156,507,0.40044226212809925,0,0
157,158,0.20256425539772727,0,0
157,377,0.4406697082525253,0,0
157,414,0.17592055580922863,0,0
158,157,0.20256425539772727,0,0
158,521,0.0313623575058275,0,0
159,349,0.0007980398832070707,0,0
160,144,0.1118361677435065,0,0
160,511,0.21305951205234158,0,0
160,522,0.2944453606235431,0,0
161,189,0.14071251262396695,0,0
161,511,0.20393839749311296,0,0
162,533,0.0014184576549586777,0,0
163,45,0.3961369408501683,0,0
163,189,0.06693407467532467,0,0
163,193,0.23153198242171716,0,0
163,533,0.5059472864325069,0,0
164,1,2.705627705627706e-05,20,0
164,267,0.005415259997474747,0,0
164,481,0.3258986918131313,0,0
164,482,0.11031478473214285,0,0
165,167,0.04595154248834499,0,0
165,482,0.5198621477408008,20,0
165,504,0.45063481648737375,0,0
166,1,2.705627705627706e-05,0,0
166,504,0.31534924825000005,0,0
167,138,0.04571969668181818,0,0
167,165,0.04595154248834499,20,0
167,210,0.23650581359848483,0,0
167,339,0.438216451010101,0,0
168,169,0.06732114156060606,0,0
168,242,0.17955386821969696,0,0
169,168,0.06732114156060606,0,0
169,244,0.16835868541958046,0,0
170,349,0.1320143479574592,0,0
170,534,0.07849662487179487,0,0
171,125,0.08731362269522144,0,0
171,513,0.13822891528846154,0,0
172,322,0.03856798518939394,0,0
172,510,0.025046042296037296,0,0
173,321,0.3846922556565657,0,0
173,323,0.08506288528581268,0,0
174,175,0.06940667412534435,0,0
174,356,0.2882011413567493,0,0
175,174,0.06940667412534435,0,0
175,382,0.017954764000582747,0,0
176,35,0.236028636584022,0,0
176,302,0.15848329984265733,0,0
176,347,0.23474357311480185,0,0
176,548,0.0024916011567599067,0,0
177,355,0.5017674959615385,0,0
178,1,2.705627705627706e-05,0,0
178,436,0.29969902038690477,0,0
179,287,0.061033571684149183,0,0
179,407,0.06788729349747474,0,0
180,1,2.705627705627706e-05,0,0
180,110,0.14667809226239667,0,0
181,405,0.03886373724296537,0,0
182,1,2.705627705627706e-05,2,0
182,25,0.2793910217272727,0,0
183,49,0.22566654,0,0
183,348,0.0024504097727272725,0,0
184,217,0.15684171823426574,0,0
184,530,0.19531700134343433,0,0
185,1,2.705627705627706e-05,8,0
185,25,0.20820455551136366,0,0
185,214,0.01811959062229437,0,0
186,1,2.705627705627706e-05,0,0
186,25,0.16529606905991734,0,0
186,342,0.31013987405032467,0,0
187,341,0.1355719757070707,4,0
187,342,0.12633645193993506,0,0
188,260,0.24390232379662005,0,0
188,480,0.4133255591754079,0,0
189,106,0.3281278991704546,0,0
189,163,0.06693407467532467,0,0
190,195,0.42269197191558444,0,0
190,519,0.00038794577020202016,0,0
191,488,0.0006363103282828283,0,0
192,523,0.03921100298611111,0,0
193,163,0.23153198242171716,0,0
193,418,0.13965628306060607,0,0
193,519,0.3133383941641414,0,0
194,1,2.705627705627706e-05,0,0
194,264,0.06481345040584416,0,0
195,6,0.550211079915825,0,0
195,190,0.42269197191558444,0,0
196,209,0.013174742063131312,0,0
196,368,0.25551261901767675,0,0
196,518,0.4488038635252524,0,0
197,479,0.05742475191919192,0,0
198,36,0.1678703689570707,0,0
198,487,0.0632371942203283,0,0
199,200,0.20317844390909093,0,0
199,201,0.26413167317676767,1,0
199,515,0.16446436564141415,0,0
199,518,0.2998412068686869,0,0
200,36,0.2609939384469697,0,0
200,199,0.20317844390909093,1,0
201,33,0.11416711171464645,0,0
201,199,0.26413167317676767,0,0
201,403,0.13403606414772729,1,0
202,203,0.49326962062229435,0,0
202,205,0.35963358561111114,0,0
202,514,0.03553817272186147,19,0
203,202,0.49326962062229435,19,0
203,456,0.08128833089556277,0,0
204,207,0.11479627902680653,0,0
204,455,0.05150892337121212,0,0
204,456,0.1157961845412458,0,0
205,202,0.35963358561111114,0,0
205,266,0.18328147301282052,0,0
206,266,0.0048366587907925414,0,0
207,204,0.11479627902680653,0,0
208,1,2.705627705627706e-05,0,0
208,476,0.5594295848484848,0,0
209,196,0.013174742063131312,0,0
209,265,0.010525317987373738,0,0
210,167,0.23650581359848483,0,0
210,343,0.46912166050595233,0,0
210,381,0.20449882507323233,0,0
211,343,0.45162247249188314,0,0
211,530,0.010211500100108224,0,0
212,217,0.19906726837121214,0,0
212,338,0.3127149200429293,0,0
212,531,0.0410192775719697,0,0
213,215,0.0008536478760822511,0,0
214,185,0.01811959062229437,8,0
214,341,0.2655003411417749,0,0
214,478,0.29415092468344156,0,0
215,213,0.0008536478760822511,0,0
215,337,0.010559778555194806,0,0
215,491,0.3918283843989899,0,0
216,219,0.00019135440404040402,0,0
217,184,0.15684171823426574,0,0
217,212,0.19906726837121214,0,0
217,338,0.1715994135530303,0,0
218,98,0.05453267530991735,0,0
218,219,0.4568074035656566,0,0
218,335,0.03090206782070707,4,0
218,366,0.3114142354318182,0,0
219,216,0.00019135440404040402,0,0
219,218,0.4568074035656566,3,0
219,395,0.3502214558914142,0,0
220,1,2.705627705627706e-05,8,0
220,427,0.11738061905032467,0,0
221,270,0.3650914705710956,8,0
221,307,0.026183113030303032,0,0
221,309,0.12647555215097403,0,0
222,310,0.1275044631969697,0,0
222,361,0.3153077952070707,0,0
222,413,0.007896169027777778,2,0
223,361,0.028998174267676764,0,0
224,1,2.705627705627706e-05,0,0
224,40,0.23461019198232325,0,0
224,394,0.1334973123358586,0,0
225,146,0.06680462360479797,0,0
225,400,0.048463743381542704,0,0
225,478,0.378802578266317,4,0
226,227,0.0003323708793290043,0,0
226,228,0.3033602850784632,2,0
226,346,0.05858829362012988,0,0
227,226,0.0003323708793290043,0,0
227,429,0.3211760384686147,0,0
228,226,0.3033602850784632,0,0
228,398,0.03257809335399449,2,0
229,30,0.08638591766414142,0,0
229,398,0.043980512618686865,0,0
229,431,0.34863975525000007,2,0
230,152,0.10838278857093663,0,0
230,278,0.08692111235431235,0,0
231,278,0.000952762537878788,0,0
232,527,0.0008449183522727272,0,0
233,279,0.8599536259974748,0,0
234,362,0.115811670743007,0,0
234,363,0.0060456282575757575,0,0
235,329,0.2226204172777778,0,0
235,434,0.04661912484504132,0,0
236,248,0.13167545318686869,0,0
236,286,0.08762922922727273,0,0
236,465,0.196761278006993,0,0
237,56,0.13183999379545455,0,0
237,312,0.6935192988461538,0,0
237,517,0.04192764542355372,0,0
238,422,0.013486070632575757,0,0
239,119,0.0025697265675990676,0,0
239,242,0.1614359635576923,0,0
239,461,0.150983123780303,0,0
240,74,0.16627020835700757,0,0
240,119,0.007879290212703963,0,0
240,241,0.3894697189330808,0,0
241,240,0.3894697189330808,0,0
242,168,0.17955386821969696,0,0
242,239,0.1614359635576923,0,0
242,243,0.35703744888257577,0,0
243,76,0.07038739522411615,0,0
243,242,0.35703744888257577,0,0
244,169,0.16835868541958046,0,0
244,245,0.3028570321882284,0,0
245,244,0.3028570321882284,0,0
246,90,0.1490464891720779,0,0
246,525,0.002026451792929293,0,0
247,328,0.20262435913131313,0,0
247,450,0.6016799926767676,0,0
248,117,0.004846983605371901,0,0
248,118,0.04666879360431236,0,0
248,236,0.13167545318686869,0,0
249,1,2.705627705627706e-05,0,0
249,471,0.02277632193181818,0,0
250,501,0.35224824385330583,0,0
251,15,0.11629953384469698,0,0
251,113,0.055894630606060605,0,0
251,373,0.021950032313762625,0,0
252,494,0.0245678793285124,0,0
252,500,0.19719499860389608,0,0
253,494,0.0325941410915978,0,0
253,528,0.16171445210858587,0,0
254,526,0.0007381819869146006,0,0
255,1,2.705627705627706e-05,0,0
255,402,0.3031046186174242,0,0
256,1,2.705627705627706e-05,0,0
256,374,0.25247233254599566,0,0
257,313,0.25161697387626264,0,0
258,438,0.3635152943939394,0,0
258,445,0.0017354925479797978,0,0
258,524,0.11549594402462121,0,0
259,524,0.0034905744907407408,0,0
260,143,1.2365250481481482,0,0
260,188,0.24390232379662005,0,0
260,189,0.4700638697698135,0,0
260,372,0.17859488169444446,0,0
260,533,0.09241727829040404,0,0
261,187,0.4091746520984848,4,0
261,283,0.06882915496753247,0,0
262,9,0.06299320856818182,0,0
262,372,0.05420476913383838,0,0
263,518,0.0033704650883838384,0,0
264,194,0.06481345040584416,0,0
264,505,0.22700076469988342,0,0
264,516,0.6161679077146464,0,0
265,138,0.4877579243989899,0,0
265,209,0.010525317987373738,0,0
265,505,0.5110474141439393,0,0
266,205,0.18328147301282052,0,0
266,206,0.0048366587907925414,0,0
266,455,0.051844934318181816,0,0
267,1,2.705627705627706e-05,0,0
267,164,0.005415259997474747,0,0
268,1,2.705627705627706e-05,0,0
268,411,0.24012901306060608,0,0
269,270,0.0452843904491342,0,0
269,375,0.0466117035261708,8,0
269,376,0.0009749069146005511,0,0
270,221,0.3650914705710956,0,0
270,269,0.0452843904491342,8,0
270,345,0.21980724334686144,0,0
271,408,0.24967413815427,0,0
271,468,0.04032749849153298,0,0
272,408,0.17903421842074593,0,0
272,409,0.009769522294372295,0,0
273,289,0.060567992075216445,0,0
273,290,0.2620204925541126,0,0
273,468,0.1430303720337995,0,0
274,336,0.009814531275252527,0,0
275,502,0.13266545613636363,0,0
275,503,0.04300573348989899,0,0
276,28,0.28085980415246214,0,0
276,338,0.02358956337121212,0,0
277,437,0.5899242107692307,0,0
277,448,0.34298080444444445,0,0
277,454,0.055315664837662336,0,0
278,230,0.08692111235431235,0,0
278,231,0.000952762537878788,0,0
278,383,0.1393142700189394,0,0
279,233,0.8599536259974748,0,0
279,383,0.01193826794507576,0,0
280,1,2.705627705627706e-05,0,0
280,14,0.19515266418560603,0,0
280,470,0.1328757985429293,0,0
281,7,0.05959129333603897,0,0
281,326,0.27698356083333336,0,0
281,369,0.052451451618686855,0,0
282,84,0.42542264120941564,0,0
282,340,0.0002874280252525252,0,0
283,261,0.06882915496753247,0,0
283,380,0.3460932804982517,0,0
283,475,0.12226968492694805,0,0
284,466,0.37565380976689977,0,0
285,521,0.0011423800126262626,0,0
286,77,0.1888713836684149,0,0
286,155,0.11125414530555555,0,0
286,236,0.08762922922727273,0,0
286,521,0.5565852573944804,0,0
287,1,2.705627705627706e-05,0,0
287,179,0.061033571684149183,0,0
288,1,2.705627705627706e-05,0,0
288,437,0.11548169453914142,0,0
289,1,2.705627705627706e-05,0,0
289,40,0.3633397189049587,0,0
289,110,0.040023106794871796,0,0
289,273,0.060567992075216445,0,0
290,149,0.002487889391025641,0,0
290,273,0.2620204925541126,0,0
290,291,0.10101912571969697,0,0
291,79,0.005278267644628099,0,0
291,290,0.10101912571969697,0,0
291,384,0.38318183898989894,0,0
292,333,0.31104283650757575,0,0
293,153,0.3549449375703463,0,0
293,327,0.22623575846464647,0,0
293,393,0.2237011432638889,0,0
294,133,0.01450806205922865,0,0
294,356,0.12501855996794872,0,0
294,539,0.1977741469810606,0,0
294,542,0.22169582367045454,0,0
295,355,0.1915268156271044,0,0
295,464,0.11958742167832169,0,0
295,544,0.06767960071590909,0,0
296,50,0.03322807658746556,0,0
296,328,0.06486049998966942,0,0
296,329,0.4511002949296537,0,0
297,371,0.13472808837878789,0,0
298,299,0.03811841276094276,0,0
298,371,0.025313364132996632,0,0
299,298,0.03811841276094276,0,0
299,370,0.0020429622668997668,0,0
300,301,0.04405860167249417,0,0
300,370,0.0029504952534965033,0,0
301,118,0.24268829639277392,0,0
301,300,0.04405860167249417,0,0
302,176,0.15848329984265733,0,0
303,49,0.19251202,0,0
303,331,0.0041043950233100234,0,0
304,123,0.001388280340909091,0,0
305,26,0.04406743049512987,0,0
305,123,0.0449344515814394,0,0
305,393,0.04367172718073593,0,0
306,13,0.290944824219697,0,0
306,359,0.0018710541742424241,0,0
307,221,0.026183113030303032,8,0
307,412,0.08557602275482093,0,0
307,428,0.09420709610101011,0,0
308,412,0.01746529015495868,2,0
308,413,0.03815716425505051,0,0
309,221,0.12647555215097403,0,0
310,222,0.1275044631969697,0,0
311,319,0.11324995676767678,0,0
311,532,0.08464124852961433,0,0
312,237,0.6935192988461538,0,0
312,386,0.004206692090220386,0,0
312,460,0.24624715532467537,0,0
313,257,0.25161697387626264,0,0
313,315,0.2882952372222222,0,0
313,386,0.07265029387052341,0,0
313,387,0.005299542348484849,0,0
314,318,0.03444378926282052,0,0
314,507,0.016253420440771348,0,0
314,508,0.0014502963199300699,0,0
315,313,0.2882952372222222,0,0
315,316,0.00030914773484848486,0,0
316,315,0.00030914773484848486,0,0
316,317,0.000392121543560606,0,0
316,508,0.028470354080808082,0,0
317,153,0.05945592721275252,0,0
317,316,0.000392121543560606,0,0
318,153,0.04447117285123967,0,0
318,314,0.03444378926282052,0,0
318,319,0.19289791107070708,0,0
319,311,0.11324995676767678,0,0
319,318,0.19289791107070708,0,0
319,327,0.43393066406313135,0,0
320,321,0.01845309734375,0,0
320,509,0.26992607116612555,0,0
320,525,0.3323317119047619,0,0
321,66,0.1527157238555195,0,0
321,173,0.3846922556565657,0,0
321,320,0.01845309734375,0,0
321,450,0.1555561610633117,0,0
322,120,0.13394002914502165,0,0
322,172,0.03856798518939394,0,0
322,323,0.054138036208677694,0,0
323,121,0.10433204650757576,0,0
323,173,0.08506288528581268,0,0
323,322,0.054138036208677694,0,0
324,57,0.5062119917424243,0,0
324,420,0.43413914271645027,0,0
324,436,0.34942237854040403,0,0
324,441,0.022780302366161617,0,0
325,326,0.03960867795110193,0,0
325,417,0.06760069983225109,0,0
325,453,0.1048818778989899,0,0
326,281,0.27698356083333336,0,0
326,325,0.03960867795110193,0,0
326,489,0.2186641284388528,0,0
327,293,0.22623575846464647,0,0
327,319,0.43393066406313135,0,0
328,296,0.06486049998966942,0,0
328,425,0.049712437849650355,0,0
329,22,0.2968723569588745,0,0
329,235,0.2226204172777778,0,0
329,296,0.4511002949296537,0,0
329,451,0.08933591842676766,0,0
330,155,0.11402286529545454,0,0
330,362,0.5421083927178029,0,0
330,462,0.34909599849025974,0,0
331,303,0.0041043950233100234,0,0
331,348,0.1420074297306397,0,0
331,357,0.2781056510058923,0,0
331,537,0.21491838601981353,0,0
332,333,0.2732920782900433,0,0
332,448,0.14354579631993006,0,0
332,449,0.026212228429752068,0,0
333,292,0.31104283650757575,0,0
333,332,0.2732920782900433,0,0
333,384,0.029968620936868688,0,0
333,385,0.17584632238005052,0,0
334,182,0.3018450927727273,2,0
334,394,0.1888745035443723,0,0
334,426,0.025012042786195288,0,0
335,145,0.002710677683982684,0,0
335,218,0.03090206782070707,0,0
335,376,0.43006348243006987,0,0
335,498,0.03539693905885781,4,0
336,274,0.009814531275252527,0,0
336,366,0.0007007404112554113,1,0
336,367,0.07638690312626263,0,0
337,215,0.010559778555194806,0,0
337,367,0.2477818552651515,0,0
337,502,0.03837503751010101,0,0
337,531,0.018842501640151516,0,0
338,212,0.3127149200429293,0,0
338,217,0.1715994135530303,0,0
338,276,0.02358956337121212,0,0
338,395,0.15585478464646466,0,0
339,167,0.438216451010101,19,0
339,343,0.25688011169444447,0,0
339,514,0.023704038966942145,0,0
339,515,0.02854281107575758,0,0
340,282,0.0002874280252525252,0,0
340,380,0.0039585181085858585,0,0
340,381,0.1035677210479798,0,0
340,476,0.42657108306818176,0,0
341,141,0.0027204034722222224,0,0
341,214,0.2655003411417749,4,0
341,342,0.05236345927020202,0,0
342,142,0.0001228345562770563,0,0
342,186,0.31013987405032467,0,0
342,187,0.12633645193993506,0,0
342,341,0.05236345927020202,0,0
343,210,0.46912166050595233,0,0
343,211,0.45162247249188314,0,0
343,339,0.25688011169444447,0,0
343,475,0.3054521179191919,0,0
344,399,0.013607409169372297,0,0
344,400,0.4165977478030303,0,0
344,426,0.42058687210227264,0,0
344,477,0.06937756538419913,8,0
345,270,0.21980724334686144,0,0
345,364,0.23282083783820348,0,0
345,497,0.5670806884785353,0,0
346,150,0.001865106277548209,0,0
346,226,0.05858829362012988,2,0
346,473,0.07026884896374459,0,0
347,176,0.23474357311480185,0,0
347,527,0.3566014803379953,0,0
347,538,0.1169192680944056,0,0
347,540,0.09426035086174242,0,0
348,183,0.0024504097727272725,0,0
348,331,0.1420074297306397,0,0
348,538,0.08040389281177156,0,0
348,543,0.14969946416287877,0,0
349,159,0.0007980398832070707,0,0
349,170,0.1320143479574592,0,0
349,423,0.08836207756701632,0,0
349,545,0.3094552357996633,0,0
350,127,0.0014656375233100232,0,0
350,139,0.10110353323135197,0,0
350,544,0.018836175204545454,0,0
350,545,0.08043753835858587,0,0
351,48,0.4228523254407714,0,0
351,140,0.09169100920454547,0,0
351,422,0.42087132136047983,0,0
351,464,0.002839153732782369,0,0
352,130,0.3136645998268398,0,0
352,378,0.10464118321654041,0,0
352,469,0.1550532658888889,0,0
353,385,0.19515748023989898,0,0
353,496,0.316149602616342,0,0
353,529,0.5609980773914142,2,0
354,428,0.21134665171212122,0,0
354,429,0.4542217254626623,0,0
354,496,0.19285165241883118,0,0
354,497,0.06397418975757575,0,0
355,177,0.5017674959615385,0,0
355,295,0.1915268156271044,0,0
355,539,0.022821330420454547,0,0
355,541,0.2214410940814394,0,0
356,174,0.2882011413567493,0,0
356,294,0.12501855996794872,0,0
356,466,0.09107628602272727,0,0
356,467,0.4100070953374656,0,0
357,331,0.2781056510058923,0,0
357,423,0.020954724458041956,0,0
357,424,0.10295296510101011,0,0
357,547,0.16310567122377623,0,0
358,247,0.05529651006060606,0,0
358,377,0.12058871269318182,0,0
359,306,0.0018710541742424241,0,0
359,358,0.4477754419490358,0,0
359,493,0.2918599264962121,0,0
360,446,0.08058355967171717,0,0
360,447,0.0025639303719008264,0,0
361,2,0.21452085321625347,0,0
361,222,0.3153077952070707,2,0
361,223,0.028998174267676764,0,0
362,3,0.05660968144696969,0,0
362,234,0.115811670743007,0,0
362,330,0.5421083927178029,0,0
363,3,0.192902810232684,0,0
363,234,0.0060456282575757575,0,0
363,463,0.6865044148762627,0,0
364,4,0.04873523278581267,0,0
364,345,0.23282083783820348,0,0
364,529,0.2166948733119236,0,0
365,4,0.2111494881764069,0,0
365,375,0.2609763009199134,0,0
365,399,0.32841437203463203,8,0
366,5,0.07568144480303031,0,0
366,218,0.3114142354318182,1,0
366,336,0.0007007404112554113,0,0
367,5,0.02368800798989899,0,0
367,336,0.07638690312626263,1,0
367,337,0.2477818552651515,0,0
368,6,0.08899936676010102,0,0
368,196,0.25551261901767675,0,0
368,443,0.015367042224747477,0,0
369,7,0.016579776149891774,0,0
369,60,0.30311731610930737,0,0
369,281,0.052451451618686855,0,0
369,440,0.25490564982070707,0,0
370,8,0.13651325225757577,0,0
370,299,0.0020429622668997668,0,0
370,300,0.0029504952534965033,0,0
371,8,0.1441934585580808,0,0
371,297,0.13472808837878789,0,0
371,298,0.025313364132996632,0,0
372,9,0.03319038709090909,0,0
372,260,0.17859488169444446,0,0
372,262,0.05420476913383838,0,0
373,10,0.28759450276767673,0,0
373,251,0.021950032313762625,0,0
373,390,0.23264248587809916,0,0
374,11,0.22270139058396465,0,0
374,256,0.25247233254599566,0,0
374,401,0.07102295330627705,0,0
375,12,0.002156746617132867,0,0
375,269,0.0466117035261708,0,0
375,365,0.2609763009199134,8,0
376,12,0.032753501620671,0,0
376,269,0.0009749069146005511,0,0
376,335,0.43006348243006987,0,0
377,13,0.035140570006313133,0,0
377,157,0.4406697082525253,0,0
377,358,0.12058871269318182,0,0
378,16,0.13143850962373738,0,0
378,352,0.10464118321654041,0,0
378,486,0.49160543169372295,0,0
379,16,0.002307297984848485,0,0
379,352,0.15757754008080807,0,0
380,17,0.09963623682575756,0,0
380,283,0.3460932804982517,0,0
380,340,0.0039585181085858585,0,0
381,17,0.006689039866161616,0,0
381,210,0.20449882507323233,0,0
381,340,0.1035677210479798,0,0
382,18,0.0826202979458042,0,0
382,175,0.017954764000582747,0,0
382,549,0.20758353869002522,0,0
383,18,0.08134806372933884,0,0
383,278,0.1393142700189394,0,0
383,279,0.01193826794507576,0,0
384,19,0.027423219681818177,0,0
384,291,0.38318183898989894,0,0
384,333,0.029968620936868688,0,0
385,19,0.024981335492424244,0,0
385,333,0.17584632238005052,0,0
385,353,0.19515748023989898,0,0
386,20,0.022670633143939394,0,0
386,312,0.004206692090220386,0,0
386,313,0.07265029387052341,0,0
387,20,0.07213514934917355,0,0
387,313,0.005299542348484849,0,0
387,495,0.3575095876060606,0,0
388,21,0.05921949148042929,0,0
388,490,0.11490511576262627,0,0
389,22,0.0042276092561983475,0,0
389,103,0.08351198196464646,0,0
389,433,0.5820246015286796,0,0
389,506,0.8981869784263086,0,0
390,23,0.5348238164738294,0,0
390,373,0.23264248587809916,0,0
390,472,0.11411523818993508,0,0
391,24,0.3066671752929293,0,0
391,120,0.17049031938852816,0,0
391,121,0.012474218281680442,0,0
392,24,0.02283126874311295,0,0
392,95,0.3050497182222222,0,0
392,121,0.35754213968939397,0,0
392,493,0.32052927653030305,0,0
393,26,0.006899365781926407,0,0
393,293,0.2237011432638889,0,0
393,305,0.04367172718073593,0,0
394,27,0.3633361469628099,0,0
394,224,0.1334973123358586,0,0
394,334,0.1888745035443723,0,0
395,28,0.04920240315426997,0,0
395,219,0.3502214558914142,3,0
395,338,0.15585478464646466,0,0
396,29,0.3003149205991736,0,0
396,415,0.17589619500270562,0,0
396,447,0.05449215769886363,0,0
397,29,0.16650265284902596,0,0
397,360,0.2531778188840326,0,0
398,30,0.07415181477777777,0,0
398,228,0.03257809335399449,0,0
398,229,0.043980512618686865,2,0
399,31,0.32374253954274884,0,0
399,344,0.013607409169372297,8,0
399,365,0.32841437203463203,0,0
400,31,0.03980734565082644,0,0
400,225,0.048463743381542704,0,0
400,344,0.4165977478030303,0,0
401,32,0.12587769248278238,0,0
401,374,0.07102295330627705,0,0
401,438,0.34877677917424244,0,0
402,32,0.038390202954545455,0,0
402,255,0.3031046186174242,0,0
402,439,0.28872288295183984,0,0
403,33,0.01593514919191919,0,0
403,138,0.17678471974025975,1,0
403,201,0.13403606414772729,0,0
404,34,0.15947880063852812,0,0
404,39,0.13891738544765841,0,0
404,410,0.11129106174931129,0,0
404,472,0.22624089377164505,0,0
405,35,0.08515319824380166,0,0
405,181,0.03886373724296537,0,0
405,520,0.10491358893127704,0,0
406,37,0.16517990112373734,0,0
406,471,0.2510699185468319,0,0
406,499,0.39423828125,0,0
407,37,0.31818591030991733,0,0
407,179,0.06788729349747474,0,0
407,517,0.18764542897474748,0,0
408,38,0.05398956212121212,0,0
408,271,0.24967413815427,0,0
408,272,0.17903421842074593,0,0
409,38,0.3115736825108225,0,0
409,272,0.009769522294372295,0,0
409,529,0.059428064027777776,0,0
410,39,0.03992774486426767,0,0
410,71,0.21331969174586776,0,0
410,99,0.3144176483161157,0,0
410,404,0.11129106174931129,0,0
410,457,0.2449384961796537,0,0
411,41,0.2846813746861472,0,0
411,268,0.24012901306060608,0,0
411,430,0.3642189788813131,0,0
412,42,0.03792583783585859,0,0
412,307,0.08557602275482093,7,0
412,308,0.01746529015495868,0,0
413,42,0.016182072957070706,0,0
413,222,0.007896169027777778,0,0
413,308,0.03815716425505051,2,0
414,43,0.057007437945075755,0,0
414,157,0.17592055580922863,0,0
414,465,0.41267438252777777,0,0
415,43,0.39635187784848486,0,0
415,396,0.17589619500270562,0,0
415,461,0.43890867966783215,0,0
416,44,0.053227434159090904,0,0
416,453,0.31827479044696966,0,0
416,470,0.2001018524166667,0,0
417,44,0.39956848144444446,0,0
417,325,0.06760069983225109,0,0
417,486,0.07532418795995671,0,0
418,45,0.023822859924242424,0,0
418,193,0.13965628306060607,0,0
418,488,0.18171521504797977,0,0
419,46,0.019123714621212127,0,0
419,439,0.24056261698484846,0,0
419,509,0.36560808817550505,0,0
420,46,0.27101917266774894,0,0
420,324,0.43413914271645027,0,0
420,510,0.3118213926055195,0,0
421,47,0.017239120273569022,0,0
421,68,0.34922780354797983,0,0
421,452,0.3462222798661616,0,0
421,512,0.41531611124747475,0,0
422,48,0.09261290810261709,0,0
422,238,0.013486070632575757,0,0
422,351,0.42087132136047983,0,0
423,49,0.12460207409511784,0,0
423,349,0.08836207756701632,0,0
423,357,0.020954724458041956,0,0
424,49,0.007497320571338383,0,0
424,357,0.10295296510101011,0,0
424,541,0.148042424520202,0,0
425,50,0.11398215293831168,0,0
425,327,0.07035475510780885,0,0
426,51,0.006245968016528925,0,0
426,334,0.025012042786195288,0,0
426,344,0.42058687210227264,0,0
427,51,0.33832723444214874,0,0
427,220,0.11738061905032467,8,0
427,477,0.12876900264069263,0,0
428,52,0.3328638712575758,0,0
428,307,0.09420709610101011,1,0
428,354,0.21134665171212122,0,0
429,52,0.0009629723691460055,0,0
429,227,0.3211760384686147,0,0
429,354,0.4542217254626623,0,0
430,53,0.012033668358585858,0,0
430,411,0.3642189788813131,0,0
430,481,0.4771313985176767,0,0
431,54,0.018636798858585858,0,0
431,148,0.07528243431818181,2,0
431,229,0.34863975525000007,0,0
432,54,0.3746329443804113,0,0
432,151,0.6517272404274892,0,0
432,152,0.05754362019628099,0,0
433,55,0.004076685224567099,0,0
433,389,0.5820246015286796,0,0
433,532,0.008232761279761905,0,0
434,55,0.00984079079201102,0,0
434,235,0.04661912484504132,0,0
434,532,0.003809830816115702,0,0
435,56,0.04318986256818182,0,0
435,73,0.22815602620454545,0,0
435,460,0.2554512786868687,0,0
435,517,0.14627189636111113,0,0
436,57,0.13597554426864802,0,0
436,87,0.12103194395833333,0,0
436,178,0.29969902038690477,0,0
437,58,0.09614191055397728,0,0
437,277,0.5899242107692307,0,0
437,288,0.11548169453914142,0,0
438,59,0.006005137762626262,0,0
438,258,0.3635152943939394,0,0
438,401,0.34877677917424244,0,0
439,59,0.2840328489042208,0,0
439,402,0.28872288295183984,0,0
439,419,0.24056261698484846,0,0
440,60,0.15756312778950216,0,0
440,369,0.25490564982070707,0,0
440,520,0.3260566711414142,0,0
441,61,0.018410673141414143,0,0
441,324,0.022780302366161617,0,0
442,62,0.0634340858459596,0,0
442,519,0.45571172078535355,0,0
443,62,0.3042481740328283,0,0
443,368,0.015367042224747477,0,0
443,479,0.36285916842074595,0,0
444,63,0.3573690414420995,0,0
444,457,0.22061250860192835,0,0
444,500,0.08737720142561983,0,0
445,63,0.31301056998106064,0,0
445,258,0.0017354925479797978,0,0
445,528,0.20032337188636365,0,0
446,64,0.03669103940404041,0,0
446,359,0.1838501358030303,0,0
447,64,0.0973628362020202,0,0
447,360,0.0025639303719008264,0,0
447,396,0.05449215769886363,0,0
448,65,0.006754662989898991,0,0
448,277,0.34298080444444445,0,0
448,332,0.14354579631993006,0,0
449,65,0.11506048838383838,0,0
449,180,0.7182922363286711,0,0
449,332,0.026212228429752068,0,0
450,66,0.008186127459415585,0,0
450,247,0.6016799926767676,0,0
450,321,0.1555561610633117,0,0
451,67,0.10255797126033057,0,0
451,329,0.08933591842676766,0,0
451,462,0.6549318440757576,0,0
452,68,0.029681754112554106,0,0
452,379,0.30577768961616164,0,0
453,69,0.31800945826839827,0,0
453,325,0.1048818778989899,0,0
453,416,0.31827479044696966,0,0
454,69,0.10665231432359308,0,0
454,277,0.055315664837662336,0,0
454,489,0.1768599128712121,0,0
455,70,0.04582200917355372,0,0
455,204,0.05150892337121212,0,0
455,266,0.051844934318181816,0,0
456,70,0.022783037594696968,0,0
456,203,0.08128833089556277,19,0
456,204,0.1157961845412458,0,0
457,71,0.01629391800275482,0,0
457,410,0.2449384961796537,0,0
457,444,0.22061250860192835,0,0
458,72,0.022583430464876035,0,0
458,129,0.02609152577134986,0,0
458,130,0.30308388301406924,0,0
459,72,0.01919689859577922,0,0
459,441,0.4146106211338384,0,0
460,73,0.005965013106060606,0,0
460,312,0.24624715532467537,0,0
460,435,0.2554512786868687,0,0
461,74,0.08764420509469698,0,0
461,239,0.150983123780303,0,0
461,415,0.43890867966783215,0,0
462,75,0.0657434082020202,0,0
462,330,0.34909599849025974,0,0
462,451,0.6549318440757576,0,0
463,75,0.15750488281313132,0,0
463,363,0.6865044148762627,0,0
463,506,0.06781023661363636,0,0
464,76,0.33254705575757576,0,0
464,295,0.11958742167832169,0,0
464,351,0.002839153732782369,0,0
465,77,0.0818925564102564,0,0
465,236,0.196761278006993,0,0
465,414,0.41267438252777777,0,0
466,78,0.38046635714531674,0,0
466,284,0.37565380976689977,0,0
466,356,0.09107628602272727,0,0
467,78,0.0176446419493007,0,0
467,134,0.11570457311771562,0,0
467,356,0.4100070953374656,0,0
468,79,0.3520324413607226,0,0
468,271,0.04032749849153298,0,0
468,273,0.1430303720337995,0,0
469,80,0.3622317995346321,0,0
469,459,0.08746445973737373,0,0
470,80,0.29798943655844157,0,0
470,91,0.39244719913961035,0,0
470,280,0.1328757985429293,0,0
470,416,0.2001018524166667,0,0
471,81,0.29696908678300865,0,0
471,249,0.02277632193181818,0,0
471,406,0.2510699185468319,0,0
472,81,0.25539268146694216,0,0
472,390,0.11411523818993508,0,0
472,404,0.22624089377164505,0,0
473,82,0.16199321746753245,0,0
473,151,0.14914192472132035,0,0
473,346,0.07026884896374459,2,0
474,83,0.06194692611616162,0,0
474,261,0.16958015441919191,4,0
475,83,0.006014364958677686,0,0
475,283,0.12226968492694805,0,0
475,343,0.3054521179191919,0,0
476,84,0.01061868241883117,0,0
476,208,0.5594295848484848,0,0
476,340,0.42657108306818176,0,0
477,85,0.08733078411525974,0,0
477,344,0.06937756538419913,0,0
477,427,0.12876900264069263,8,0
478,85,0.0690413841841492,0,0
478,214,0.29415092468344156,4,0
478,225,0.378802578266317,0,0
479,86,0.271828599411157,0,0
479,197,0.05742475191919192,0,0
479,443,0.36285916842074595,0,0
480,86,0.2422767639152892,0,0
480,188,0.4133255591754079,0,0
480,516,0.8591677739073426,0,0
481,88,0.14764415195887445,0,0
481,164,0.3258986918131313,0,0
481,430,0.4771313985176767,0,0
482,88,0.3339620590205628,0,0
482,164,0.11031478473214285,20,0
482,165,0.5198621477408008,0,0
483,89,0.24372811998647187,0,0
483,388,0.20209438005997474,0,0
484,89,0.12328954060858585,0,0
484,148,0.23526936848989902,0,0
485,90,0.0009931440392561982,0,0
485,111,0.015812443601928374,0,0
485,525,0.14242554770622895,0,0
486,91,0.017229507367424242,0,0
486,378,0.49160543169372295,0,0
486,417,0.07532418795995671,0,0
487,92,0.35362159729040404,0,0
487,198,0.0632371942203283,0,0
488,92,0.38041264851767675,0,0
488,191,0.0006363103282828283,0,0
488,418,0.18171521504797977,0,0
489,93,0.2810808999188312,0,0
489,326,0.2186641284388528,0,0
489,454,0.1768599128712121,0,0
490,93,0.30368540627705626,0,0
490,332,0.31722081502272725,0,0
491,94,0.005565714835858587,0,0
491,146,0.5329273223863635,0,0
491,215,0.3918283843989899,0,0
492,94,0.20870995839393938,0,0
492,474,0.16369841257828285,4,0
493,95,0.022235560416666664,0,0
493,359,0.2918599264962121,0,0
493,392,0.32052927653030305,0,0
494,96,0.147690973280303,0,0
494,252,0.0245678793285124,0,0
494,253,0.0325941410915978,0,0
495,96,0.04818556858974359,0,0
495,124,0.00978597879292929,0,0
495,387,0.3575095876060606,0,0
496,97,0.02570217166666667,0,0
496,353,0.316149602616342,0,0
496,354,0.19285165241883118,0,0
497,97,0.1783815383901515,0,0
497,345,0.5670806884785353,0,0
497,354,0.06397418975757575,0,0
498,98,0.007162957987373737,0,0
498,146,0.4331138065882035,4,0
498,335,0.03539693905885781,0,0
499,99,0.03475278290977961,0,0
499,406,0.39423828125,0,0
499,501,0.5253679795695592,0,0
500,100,0.001121544297520661,0,0
500,252,0.19719499860389608,0,0
500,444,0.08737720142561983,0,0
501,100,0.18604291279987376,0,0
501,250,0.35224824385330583,0,0
501,499,0.5253679795695592,0,0
502,101,0.010113271871212122,0,0
502,275,0.13266545613636363,0,0
502,337,0.03837503751010101,0,0
503,101,0.12529165903787878,0,0
503,492,0.3693315887449495,4,0
504,102,0.004849013090909091,0,0
504,165,0.45063481648737375,0,0
504,166,0.31534924825000005,0,0
505,102,0.1674829228712121,0,0
505,264,0.22700076469988342,0,0
505,265,0.5110474141439393,0,0
506,103,0.03980164845707071,0,0
506,389,0.8981869784263086,0,0
506,463,0.06781023661363636,0,0
507,104,0.0026996016491841494,0,0
507,156,0.40044226212809925,0,0
507,314,0.016253420440771348,0,0
508,104,0.013941276990093239,0,0
508,314,0.0014502963199300699,0,0
508,316,0.028470354080808082,0,0
509,105,0.25790576934794374,0,0
509,320,0.26992607116612555,0,0
509,419,0.36560808817550505,0,0
510,105,0.028214200906385285,0,0
510,172,0.025046042296037296,0,0
510,420,0.3118213926055195,0,0
511,106,0.05104993979166667,0,0
511,160,0.21305951205234158,0,0
511,161,0.20393839749311296,0,0
512,107,0.03797668543732783,0,0
512,421,0.41531611124747475,0,0
512,535,0.2186578457167832,0,0
513,107,0.36149826049931133,0,0
513,171,0.13822891528846154,0,0
513,534,0.03469793613053613,0,0
514,108,0.02514841854640152,0,0
514,202,0.03553817272186147,0,0
514,339,0.023704038966942145,19,0
515,108,0.012632469335858586,0,0
515,199,0.16446436564141415,0,0
515,339,0.02854281107575758,0,0
516,109,0.11945055643686868,0,0
516,264,0.6161679077146464,0,0
516,480,0.8591677739073426,0,0
517,237,0.04192764542355372,0,0
517,407,0.18764542897474748,0,0
517,435,0.14627189636111113,0,0
518,196,0.4488038635252524,0,0
518,263,0.0033704650883838384,0,0
518,442,0.16950917561868686,0,0
519,190,0.00038794577020202016,0,0
519,193,0.3133383941641414,0,0
519,262,0.09943223317424242,0,0
520,405,0.10491358893127704,0,0
520,440,0.3260566711414142,0,0
520,483,0.14277153015151517,0,0
521,158,0.0313623575058275,0,0
521,285,0.0011423800126262626,0,0
521,286,0.5565852573944804,0,0
522,136,0.001524262875631313,0,0
522,160,0.2944453606235431,0,0
522,161,0.04776247569534632,0,0
523,143,0.033406215904356065,0,0
523,144,0.3181667327884615,0,0
523,192,0.03921100298611111,0,0
523,522,0.18042058944805192,0,0
524,258,0.11549594402462121,0,0
524,259,0.0034905744907407408,0,0
524,525,0.15704963684090908,0,0
524,526,0.06381866715220386,0,0
525,246,0.002026451792929293,0,0
525,320,0.3323317119047619,0,0
525,485,0.14242554770622895,0,0
525,524,0.15704963684090908,0,0
526,111,0.009629222750000001,0,0
526,254,0.0007381819869146006,0,0
526,524,0.06381866715220386,0,0
526,528,0.12446169535353534,0,0
527,152,0.1592712538582251,0,0
527,232,0.0008449183522727272,0,0
527,484,0.09860805364801863,0,0
528,124,0.23988721211868688,0,0
528,253,0.16171445210858587,0,0
528,445,0.20032337188636365,0,0
528,526,0.12446169535353534,0,0
529,334,0.2949746704090909,2,0
529,364,0.2166948733119236,0,0
529,409,0.059428064027777776,0,0
530,211,0.010211500100108224,0,0
530,275,0.03497468948484849,0,0
531,212,0.0410192775719697,0,0
531,337,0.018842501640151516,0,0
532,67,0.2567942810050505,0,0
532,311,0.08464124852961433,0,0
532,433,0.008232761279761905,0,0
532,434,0.003809830816115702,0,0
533,162,0.0014184576549586777,0,0
533,163,0.5059472864325069,0,0
533,262,0.14038265228282829,0,0
534,170,0.07849662487179487,0,0
534,513,0.03469793613053613,0,0
534,546,0.16652069091919192,0,0
535,512,0.2186578457167832,0,0
535,546,0.024882569230769227,0,0
535,547,0.014948908181818182,0,0
536,49,0.06226802000000001,0,0
536,546,0.2992172769230769,0,0
537,331,0.21491838601981353,0,0
537,548,0.027429567849650352,0,0
538,347,0.1169192680944056,0,0
538,348,0.08040389281177156,0,0
539,294,0.1977741469810606,0,0
539,355,0.022821330420454547,0,0
540,347,0.09426035086174242,0,0
540,549,0.004744583863636364,0,0
541,355,0.2214410940814394,0,0
541,424,0.148042424520202,0,0
542,294,0.22169582367045454,0,0
542,550,0.015289704799242425,0,0
543,348,0.14969946416287877,0,0
543,550,0.02271315097727273,0,0
544,295,0.06767960071590909,0,0
544,350,0.018836175204545454,0,0
545,349,0.3094552357996633,0,0
545,350,0.08043753835858587,0,0
546,534,0.16652069091919192,0,0
546,535,0.024882569230769227,0,0
546,536,0.2992172769230769,0,0
546,547,0.016722366015151514,0,0
547,357,0.16310567122377623,0,0
547,535,0.014948908181818182,0,0
547,546,0.016722366015151514,0,0
547,548,0.3207999165858586,0,0
548,176,0.0024916011567599067,0,0
548,537,0.027429567849650352,0,0
548,547,0.3207999165858586,0,0
549,382,0.20758353869002522,0,0
549,540,0.004744583863636364,0,0
550,542,0.015289704799242425,0,0
550,543,0.02271315097727273,0,0
0,2,0,0,0
0,5,0,0,0
0,28,0,0,0
0,36,0,0,0
0,42,0,0,0
0,52,0,0,0
0,70,0,0,0
0,82,0,0,0
0,101,0,0,0
