<NUMBER OF NODES> 550
<NUMBER OF LINKS> 1366
<NUMBER OF ZONES> 110
<FIRST THRU NODE> 111
<END OF METADATA>


~ init_node term_node capacity length free_flow_time alpha beta speed toll link_type ;
	2	361	90000.0	62296.855774	14.158376312272729	0.15	4	50.0	0	0	;
	3	362	90000.0	22417.433853	5.094871330227273	0.15	4	50.0	0	0	;
	3	363	90000.0	35648.439331	8.101918029772728	0.15	4	50.0	0	0	;
	4	364	90000.0	14152.711601	3.2165253638636364	0.15	4	50.0	0	0	;
	4	365	90000.0	78040.85083	17.73655700681818	0.15	4	50.0	0	0	;
	5	366	90000.0	29969.852142	6.8113300322727275	0.15	4	50.0	0	0	;
	5	367	90000.0	9380.451164	2.131920719090909	0.15	4	50.0	0	0	;
	6	195	90000.0	130730.152588	29.71139831545455	0.15	4	50.0	0	0	;
	6	368	90000.0	35243.749237	8.009943008409092	0.15	4	50.0	0	0	;
	7	281	90000.0	22024.942017	5.005668640227274	0.15	4	50.0	0	0	;
	7	369	90000.0	6127.885265	1.392701196590909	0.15	4	50.0	0	0	;
	8	370	90000.0	54059.247894	12.286192703181818	0.15	4	50.0	0	0	;
	8	371	90000.0	57100.609589	12.977411270227272	0.15	4	50.0	0	0	;
	9	262	90000.0	24945.310593	5.669388771136364	0.15	4	50.0	0	0	;
	9	372	90000.0	13143.393288	2.987134838181818	0.15	4	50.0	0	0	;
	10	373	90000.0	113887.423096	25.88350524909091	0.15	4	50.0	0	0	;
	11	374	90000.0	70551.800537	16.034500122045458	0.15	4	50.0	0	0	;
	12	375	90000.0	740.195439	0.16822623613636362	0.15	4	50.0	0	0	;
	12	376	90000.0	12105.694199	2.7512941361363636	0.15	4	50.0	0	0	;
	13	306	90000.0	115214.150391	26.185034179772725	0.15	4	50.0	0	0	;
	13	377	90000.0	11132.532578	2.5301210404545458	0.15	4	50.0	0	0	;
	14	280	90000.0	41216.242676	9.367327880909091	0.15	4	50.0	0	0	;
	15	113	90000.0	8681.9977	1.9731812954545456	0.15	4	50.0	0	0	;
	15	251	90000.0	18421.846161	4.186783218409091	0.15	4	50.0	0	0	;
	16	378	90000.0	52049.649811	11.829465866136363	0.15	4	50.0	0	0	;
	16	379	90000.0	913.690002	0.20765681863636365	0.15	4	50.0	0	0	;
	17	380	90000.0	39455.949783	8.967261314318181	0.15	4	50.0	0	0	;
	17	381	90000.0	2648.859787	0.6020135879545455	0.15	4	50.0	0	0	;
	18	382	90000.0	28355.286255	6.444383239772727	0.15	4	50.0	0	0	;
	18	383	90000.0	23623.477707	5.368972206136363	0.15	4	50.0	0	0	;
	19	384	90000.0	10859.594994	2.468089771363636	0.15	4	50.0	0	0	;
	19	385	90000.0	8573.594341	1.9485441684090907	0.15	4	50.0	0	0	;
	20	386	90000.0	6583.551865	1.4962617875000002	0.15	4	50.0	0	0	;
	20	387	90000.0	20948.047371	4.7609198570454545	0.15	4	50.0	0	0	;
	21	388	90000.0	18760.734901	4.263803386590909	0.15	4	50.0	0	0	;
	22	329	90000.0	109724.023132	24.937277984545453	0.15	4	50.0	0	0	;
	22	389	90000.0	1227.697728	0.2790222109090909	0.15	4	50.0	0	0	;
	23	390	90000.0	155312.836304	35.29837188727272	0.15	4	50.0	0	0	;
	24	391	90000.0	121440.201416	27.600045776363636	0.15	4	50.0	0	0	;
	24	392	90000.0	6630.200443	1.5068637370454547	0.15	4	50.0	0	0	;
	25	182	90000.0	73759.229736	16.763461303636362	0.15	4	50.0	0	0	;
	25	185	90000.0	54966.002655	12.492273330681819	0.15	4	50.0	0	0	;
	25	186	90000.0	48001.978455	10.909540557954545	0.15	4	50.0	0	0	;
	26	305	90000.0	16287.322311	3.701664161590909	0.15	4	50.0	0	0	;
	26	393	90000.0	2550.005593	0.5795467256818181	0.15	4	50.0	0	0	;
	27	394	90000.0	105512.817078	23.980185699545455	0.15	4	50.0	0	0	;
	28	276	90000.0	59317.590637	13.481270599318183	0.15	4	50.0	0	0	;
	28	395	90000.0	14288.377876	3.247358608181818	0.15	4	50.0	0	0	;
	29	396	90000.0	87211.452942	19.820784759545454	0.15	4	50.0	0	0	;
	29	397	90000.0	61539.380493	13.98622283931818	0.15	4	50.0	0	0	;
	30	229	90000.0	34208.823395	7.774732589772727	0.15	4	50.0	0	0	;
	30	398	90000.0	29364.118652	6.67366333	0.15	4	50.0	0	0	;
	31	399	90000.0	119655.242615	27.194373321590906	0.15	4	50.0	0	0	;
	31	400	90000.0	11560.053177	2.6272848129545454	0.15	4	50.0	0	0	;
	32	401	90000.0	36554.881897	8.307927703863637	0.15	4	50.0	0	0	;
	32	402	90000.0	11148.514938	2.5337533949999997	0.15	4	50.0	0	0	;
	33	201	90000.0	45210.176239	10.27504005431818	0.15	4	50.0	0	0	;
	33	403	90000.0	6310.31908	1.4341634272727273	0.15	4	50.0	0	0	;
	34	404	90000.0	58943.364716	13.396219253636364	0.15	4	50.0	0	0	;
	35	176	90000.0	68542.716064	15.577890014545453	0.15	4	50.0	0	0	;
	35	405	90000.0	24728.48877	5.62011108409091	0.15	4	50.0	0	0	;
	36	198	90000.0	66476.666107	15.108333206136365	0.15	4	50.0	0	0	;
	36	200	90000.0	68902.39975	15.659636306818182	0.15	4	50.0	0	0	;
	37	406	90000.0	65411.240845	14.866191101136364	0.15	4	50.0	0	0	;
	37	407	90000.0	92401.188354	21.000270080454545	0.15	4	50.0	0	0	;
	38	408	90000.0	15678.56884	3.5633111	0.15	4	50.0	0	0	;
	38	409	90000.0	57578.816528	13.086094665454546	0.15	4	50.0	0	0	;
	39	404	90000.0	40341.608734	9.168547439545454	0.15	4	50.0	0	0	;
	39	410	90000.0	12649.109573	2.8747976302272726	0.15	4	50.0	0	0	;
	40	224	90000.0	74324.50882	16.891933822727275	0.15	4	50.0	0	0	;
	40	289	90000.0	105513.85437	23.980421447727274	0.15	4	50.0	0	0	;
	41	411	90000.0	105218.236084	23.913235473636362	0.15	4	50.0	0	0	;
	42	412	90000.0	15018.631783	3.4133254052272726	0.15	4	50.0	0	0	;
	42	413	90000.0	6408.100891	1.4563865661363635	0.15	4	50.0	0	0	;
	43	414	90000.0	12039.970894	2.736357021363636	0.15	4	50.0	0	0	;
	43	415	90000.0	156955.343628	35.671669006363636	0.15	4	50.0	0	0	;
	44	416	90000.0	21078.063927	4.790469074318182	0.15	4	50.0	0	0	;
	44	417	90000.0	158229.118652	35.96116333	0.15	4	50.0	0	0	;
	45	163	90000.0	94122.137146	21.39139480590909	0.15	4	50.0	0	0	;
	45	418	90000.0	3773.541012	0.8576229572727272	0.15	4	50.0	0	0	;
	46	419	90000.0	5553.526726	1.262165165	0.15	4	50.0	0	0	;
	46	420	90000.0	100168.686218	22.76561050409091	0.15	4	50.0	0	0	;
	47	421	90000.0	4096.014977	0.9309124947727272	0.15	4	50.0	0	0	;
	48	351	90000.0	122796.315308	27.90825347909091	0.15	4	50.0	0	0	;
	48	422	90000.0	26894.788513	6.112451934772728	0.15	4	50.0	0	0	;
	49	183	90000.0	59575.96656	13.5399924	0.15	4	50.0	0	0	;
	49	303	90000.0	50823.173279999995	11.5507212	0.15	4	50.0	0	0	;
	49	423	90000.0	29605.452805	6.728512001136363	0.15	4	50.0	0	0	;
	49	424	90000.0	2375.151157	0.5398070811363636	0.15	4	50.0	0	0	;
	49	536	90000.0	16438.75728	3.7360812000000005	0.15	4	50.0	0	0	;
	50	296	90000.0	9649.433441	2.193053054772727	0.15	4	50.0	0	0	;
	50	425	90000.0	21063.901863	4.787250423409091	0.15	4	50.0	0	0	;
	51	426	90000.0	1813.829112	0.4122338890909091	0.15	4	50.0	0	0	;
	51	427	90000.0	98250.228882	22.329597473181817	0.15	4	50.0	0	0	;
	52	428	90000.0	131814.093018	29.95774841318182	0.15	4	50.0	0	0	;
	52	429	90000.0	279.647176	0.06355617636363636	0.15	4	50.0	0	0	;
	53	430	90000.0	4765.33267	1.0830301522727273	0.15	4	50.0	0	0	;
	54	431	90000.0	7380.172348	1.6773118972727272	0.15	4	50.0	0	0	;
	54	432	90000.0	138464.336243	31.469167327954544	0.15	4	50.0	0	0	;
	55	433	90000.0	1506.742859	0.34244155886363636	0.15	4	50.0	0	0	;
	55	434	90000.0	2857.765646	0.6494921922727274	0.15	4	50.0	0	0	;
	56	237	90000.0	52208.637543	11.86559944159091	0.15	4	50.0	0	0	;
	56	435	90000.0	17103.185577	3.887087631136363	0.15	4	50.0	0	0	;
	57	324	90000.0	147003.962402	33.409991455000004	0.15	4	50.0	0	0	;
	57	436	90000.0	46666.806793	10.606092452954547	0.15	4	50.0	0	0	;
	58	437	90000.0	40610.343018	9.229623413181818	0.15	4	50.0	0	0	;
	59	438	90000.0	2378.034554	0.5404623986363636	0.15	4	50.0	0	0	;
	59	439	90000.0	104978.540955	23.85875930795455	0.15	4	50.0	0	0	;
	60	369	90000.0	112032.160034	25.461854553181816	0.15	4	50.0	0	0	;
	60	440	90000.0	58235.332031	13.235302734318182	0.15	4	50.0	0	0	;
	61	129	90000.0	151204.755249	34.364717102045454	0.15	4	50.0	0	0	;
	61	441	90000.0	7290.626564	1.6569605827272729	0.15	4	50.0	0	0	;
	62	442	90000.0	25119.897995	5.709067726136363	0.15	4	50.0	0	0	;
	62	443	90000.0	120482.276917	27.382335662954542	0.15	4	50.0	0	0	;
	63	444	90000.0	132083.597717	30.01899948113636	0.15	4	50.0	0	0	;
	63	445	90000.0	115688.706665	26.292887878409093	0.15	4	50.0	0	0	;
	64	446	90000.0	14529.651604	3.3021935463636365	0.15	4	50.0	0	0	;
	64	447	90000.0	38555.683136	8.762655258181818	0.15	4	50.0	0	0	;
	65	448	90000.0	2674.846544	0.6079196690909092	0.15	4	50.0	0	0	;
	65	449	90000.0	45563.9534	10.355443954545455	0.15	4	50.0	0	0	;
	66	321	90000.0	56443.731537	12.828120803863637	0.15	4	50.0	0	0	;
	66	450	90000.0	3025.592709	0.6876347065909091	0.15	4	50.0	0	0	;
	67	451	90000.0	29782.834854	6.768826103181818	0.15	4	50.0	0	0	;
	67	532	90000.0	101690.535278	23.111485290454546	0.15	4	50.0	0	0	;
	68	421	90000.0	138294.210205	31.430502319318183	0.15	4	50.0	0	0	;
	68	452	90000.0	10970.37632	2.493267345454545	0.15	4	50.0	0	0	;
	69	453	90000.0	117536.295776	26.712794494545452	0.15	4	50.0	0	0	;
	69	454	90000.0	39418.695374	8.95879440318182	0.15	4	50.0	0	0	;
	70	455	90000.0	13306.711464	3.0242526054545453	0.15	4	50.0	0	0	;
	70	456	90000.0	8420.610695	1.9137751579545452	0.15	4	50.0	0	0	;
	71	410	90000.0	61948.038483	14.079099655227271	0.15	4	50.0	0	0	;
	71	457	90000.0	4731.753788	1.0753985881818182	0.15	4	50.0	0	0	;
	72	458	90000.0	6558.228207	1.4905064106818184	0.15	4	50.0	0	0	;
	72	459	90000.0	7095.173721	1.6125394820454546	0.15	4	50.0	0	0	;
	73	435	90000.0	90349.786377	20.53404235840909	0.15	4	50.0	0	0	;
	73	460	90000.0	2362.14519	0.5368511795454546	0.15	4	50.0	0	0	;
	74	240	90000.0	35116.268005	7.980970001136364	0.15	4	50.0	0	0	;
	74	461	90000.0	23138.070145	5.258652305681818	0.15	4	50.0	0	0	;
	75	462	90000.0	26034.389648	5.916906738181818	0.15	4	50.0	0	0	;
	75	463	90000.0	62371.933594	14.175439453181818	0.15	4	50.0	0	0	;
	76	243	90000.0	22298.726807	5.067892456136363	0.15	4	50.0	0	0	;
	76	464	90000.0	114130.149536	25.938670349090913	0.15	4	50.0	0	0	;
	77	286	90000.0	64820.658875	14.731967926136363	0.15	4	50.0	0	0	;
	77	465	90000.0	28105.52536	6.3876194	0.15	4	50.0	0	0	;
	78	466	90000.0	110487.430115	25.110779571590907	0.15	4	50.0	0	0	;
	78	467	90000.0	6055.641117	1.3762820720454543	0.15	4	50.0	0	0	;
	79	291	90000.0	1532.808924	0.3483656645454545	0.15	4	50.0	0	0	;
	79	468	90000.0	120817.533875	27.458530426136363	0.15	4	50.0	0	0	;
	80	469	90000.0	133880.873108	30.427471160909093	0.15	4	50.0	0	0	;
	80	470	90000.0	110136.895752	25.03111267090909	0.15	4	50.0	0	0	;
	81	471	90000.0	109759.774475	24.945403289772727	0.15	4	50.0	0	0	;
	81	472	90000.0	74166.034698	16.855916976818182	0.15	4	50.0	0	0	;
	82	473	90000.0	59872.693176	13.607430267272727	0.15	4	50.0	0	0	;
	83	474	90000.0	24530.982742	5.575223350454546	0.15	4	50.0	0	0	;
	83	475	90000.0	1746.571584	0.39694808727272723	0.15	4	50.0	0	0	;
	84	282	90000.0	157236.208191	35.73550186159091	0.15	4	50.0	0	0	;
	84	476	90000.0	3924.665022	0.8919693231818183	0.15	4	50.0	0	0	;
	85	477	90000.0	32277.457809	7.335785865681817	0.15	4	50.0	0	0	;
	85	478	90000.0	23695.003052	5.385227966363637	0.15	4	50.0	0	0	;
	86	479	90000.0	78939.025269	17.940687561136365	0.15	4	50.0	0	0	;
	86	480	90000.0	70357.172241	15.990266418409089	0.15	4	50.0	0	0	;
	87	436	90000.0	38342.919846	8.714299965	0.15	4	50.0	0	0	;
	88	481	90000.0	54569.278564	12.402108764545455	0.15	4	50.0	0	0	;
	88	482	90000.0	123432.377014	28.05281295772727	0.15	4	50.0	0	0	;
	89	483	90000.0	90081.913147	20.473162078863638	0.15	4	50.0	0	0	;
	89	484	90000.0	48822.658081	11.096058654772728	0.15	4	50.0	0	0	;
	90	246	90000.0	27543.791199	6.2599525452272715	0.15	4	50.0	0	0	;
	90	485	90000.0	288.409029	0.06554750659090908	0.15	4	50.0	0	0	;
	91	470	90000.0	145048.484802	32.96556472772727	0.15	4	50.0	0	0	;
	91	486	90000.0	5458.307934	1.2405245304545456	0.15	4	50.0	0	0	;
	92	487	90000.0	140034.152527	31.825943756136365	0.15	4	50.0	0	0	;
	92	488	90000.0	150643.408813	34.237138366590905	0.15	4	50.0	0	0	;
	93	489	90000.0	103887.50061	23.610795593181816	0.15	4	50.0	0	0	;
	93	490	90000.0	112242.12616	25.509574127272725	0.15	4	50.0	0	0	;
	94	491	90000.0	2204.023075	0.5009143352272728	0.15	4	50.0	0	0	;
	94	492	90000.0	82649.143524	18.783896255454547	0.15	4	50.0	0	0	;
	95	392	90000.0	120799.688416	27.45447464	0.15	4	50.0	0	0	;
	95	493	90000.0	8805.281925	2.0012004375	0.15	4	50.0	0	0	;
	96	494	90000.0	38990.416946	8.86145839681818	0.15	4	50.0	0	0	;
	96	495	90000.0	16537.28714	3.75847435	0.15	4	50.0	0	0	;
	97	496	90000.0	9499.522648	2.15898242	0.15	4	50.0	0	0	;
	97	497	90000.0	65929.816589	14.984049224772725	0.15	4	50.0	0	0	;
	98	218	90000.0	15836.28891	3.599156570454545	0.15	4	50.0	0	0	;
	98	498	90000.0	2836.531363	0.6446662188636363	0.15	4	50.0	0	0	;
	99	410	90000.0	91306.885071	20.751564788863636	0.15	4	50.0	0	0	;
	99	499	90000.0	10092.208157	2.293683672045454	0.15	4	50.0	0	0	;
	100	500	90000.0	325.696464	0.07402192363636363	0.15	4	50.0	0	0	;
	100	501	90000.0	58938.394775	13.395089721590908	0.15	4	50.0	0	0	;
	101	502	90000.0	4004.855661	0.9101944684090909	0.15	4	50.0	0	0	;
	101	503	90000.0	49615.496979	11.27624931340909	0.15	4	50.0	0	0	;
	102	504	90000.0	1920.209184	0.43641117818181824	0.15	4	50.0	0	0	;
	102	505	90000.0	66323.237457	15.073463058409093	0.15	4	50.0	0	0	;
	103	389	90000.0	33070.744858	7.516078376818182	0.15	4	50.0	0	0	;
	103	506	90000.0	15761.452789	3.582148361136364	0.15	4	50.0	0	0	;
	104	507	90000.0	926.503286	0.21056892863636364	0.15	4	50.0	0	0	;
	104	508	90000.0	4784.646263	1.0874196052272729	0.15	4	50.0	0	0	;
	105	509	90000.0	95321.972351	21.664084625227275	0.15	4	50.0	0	0	;
	105	510	90000.0	10427.968655	2.369992876136364	0.15	4	50.0	0	0	;
	106	189	90000.0	86625.765381	19.687673950227275	0.15	4	50.0	0	0	;
	106	511	90000.0	8086.310463	1.8377978325000002	0.15	4	50.0	0	0	;
	107	512	90000.0	11028.429451	2.5064612388636363	0.15	4	50.0	0	0	;
	107	513	90000.0	104979.094849	23.858885192954546	0.15	4	50.0	0	0	;
	108	514	90000.0	5311.345997	1.2071240902272729	0.15	4	50.0	0	0	;
	108	515	90000.0	5002.457857	1.1369222402272727	0.15	4	50.0	0	0	;
	109	516	90000.0	47302.420349	10.750550079318183	0.15	4	50.0	0	0	;
	110	180	90000.0	42595.317993	9.68075408931818	0.15	4	50.0	0	0	;
	110	289	90000.0	13735.930252	3.12180233	0.15	4	50.0	0	0	;
	111	485	1000.0	4591.933622	0.9487466161157024	0.15	4	55.0	0	0	;
	111	526	1000.0	2542.114806	0.5777533650000001	0.15	4	50.0	0	0	;
	112	1	90000.0	10.0	0.0016233766233766235	0.15	4	70.0	0	0	;
	112	113	1000.0	70943.031006	11.516725812662338	0.15	4	70.0	0	0	;
	113	15	1000.0	8681.9977	2.1924236616161616	0.15	4	45.0	0	0	;
	113	112	1000.0	70943.031006	11.516725812662338	0.15	4	70.0	0	0	;
	113	251	1000.0	16231.800728	3.3536778363636364	0.15	4	55.0	0	0	;
	114	115	500.0	107112.755127	18.726006141083918	0.15	4	65.0	0	0	;
	114	125	500.0	36602.546997	6.932300567613636	0.15	4	60.0	0	0	;
	114	126	500.0	2417.756467	0.499536460123967	0.15	4	55.0	0	0	;
	115	114	500.0	107112.755127	18.726006141083918	0.15	4	65.0	0	0	;
	115	140	1000.0	127399.295654	24.128654479924244	0.15	4	60.0	0	0	;
	116	118	1500.0	2174.581246	0.38017154650349655	0.15	4	65.0	0	0	;
	117	248	750.0	1407.564039	0.29081901632231405	0.15	4	55.0	0	0	;
	118	116	1500.0	2174.581246	0.38017154650349655	0.15	4	65.0	0	0	;
	118	248	3500.0	16016.729965	2.8001276162587416	0.15	4	65.0	0	0	;
	118	301	1000.0	83290.623322	14.561297783566435	0.15	4	65.0	0	0	;
	119	239	1000.0	881.930158	0.15418359405594406	0.15	4	65.0	0	0	;
	119	240	1000.0	2704.172401	0.47275741276223776	0.15	4	65.0	0	0	;
	120	130	1000.0	9470.034714	1.5373432977272727	0.15	4	70.0	0	0	;
	120	322	1000.0	49504.234772	8.0364017487013	0.15	4	70.0	0	0	;
	120	391	500.0	63013.222046	10.22941916331169	0.15	4	70.0	0	0	;
	121	323	500.0	41315.490417	6.259922790454546	0.15	4	75.0	0	0	;
	121	391	750.0	3622.512989	0.7484530969008265	0.15	4	55.0	0	0	;
	121	392	500.0	141586.687317	21.45252838136364	0.15	4	75.0	0	0	;
	122	123	1000.0	82714.387207	13.427660260876625	0.15	4	70.0	0	0	;
	122	124	1000.0	28123.861771	5.810715241942148	0.15	4	55.0	0	0	;
	123	122	1000.0	82714.387207	13.427660260876625	0.15	4	70.0	0	0	;
	123	304	500.0	329.855409	0.08329682045454546	0.15	4	45.0	0	0	;
	123	305	1500.0	9490.156174	2.696067094886364	0.15	4	40.0	0	0	;
	124	122	1000.0	28123.861771	5.810715241942148	0.15	4	55.0	0	0	;
	124	495	1000.0	3875.247602	0.5871587275757575	0.15	4	75.0	0	0	;
	124	528	1000.0	94995.335999	14.393232727121212	0.15	4	75.0	0	0	;
	125	114	500.0	36602.546997	6.932300567613636	0.15	4	60.0	0	0	;
	125	397	2000.0	72380.844269	10.96679458621212	0.15	4	75.0	0	0	;
	126	114	500.0	2417.756467	0.499536460123967	0.15	4	55.0	0	0	;
	127	350	1000.0	503.006798	0.0879382513986014	0.15	4	65.0	0	0	;
	128	139	1500.0	46463.457184	8.122982025174824	0.15	4	65.0	0	0	;
	129	61	500.0	151204.755249	24.546226501461042	0.15	4	70.0	0	0	;
	129	458	1000.0	7576.979084	1.5654915462809915	0.15	4	55.0	0	0	;
	130	120	1000.0	9470.034714	1.5373432977272727	0.15	4	70.0	0	0	;
	130	352	500.0	115930.436096	18.819875989610388	0.15	4	70.0	0	0	;
	130	458	500.0	112019.803162	18.185032980844156	0.15	4	70.0	0	0	;
	131	132	1000.0	39335.578537	8.127185648140497	0.15	4	55.0	0	0	;
	131	134	1500.0	32047.445755	7.283510398863637	0.15	4	50.0	0	0	;
	131	135	1500.0	2047.335262	0.42300315330578514	0.15	4	55.0	0	0	;
	132	131	1000.0	39335.578537	8.127185648140497	0.15	4	55.0	0	0	;
	133	294	1500.0	4213.141222	0.8704837235537191	0.15	4	55.0	0	0	;
	134	131	1500.0	32047.445755	7.283510398863637	0.15	4	50.0	0	0	;
	134	467	1000.0	39709.809494	6.9422743870629375	0.15	4	65.0	0	0	;
	135	131	1500.0	2047.335262	0.42300315330578514	0.15	4	55.0	0	0	;
	136	522	1000.0	482.886479	0.09145577253787879	0.15	4	60.0	0	0	;
	137	144	1000.0	7898.189163	2.991738319318182	0.15	4	30.0	0	0	;
	138	167	500.0	18104.999886	2.743181800909091	0.15	4	75.0	0	0	;
	138	265	500.0	193152.138062	29.265475463939396	0.15	4	75.0	0	0	;
	138	403	500.0	65339.632416	10.607083184415584	0.15	4	70.0	0	0	;
	139	128	1500.0	46463.457184	8.122982025174824	0.15	4	65.0	0	0	;
	139	140	1500.0	26492.21077	5.473597266528926	0.15	4	55.0	0	0	;
	139	350	1500.0	34698.732605	6.066211993881119	0.15	4	65.0	0	0	;
	140	115	1000.0	127399.295654	24.128654479924244	0.15	4	60.0	0	0	;
	140	139	1500.0	26492.21077	5.473597266528926	0.15	4	55.0	0	0	;
	140	351	1500.0	29047.711716	5.501460552272728	0.15	4	60.0	0	0	;
	141	341	500.0	1077.279775	0.16322420833333334	0.15	4	75.0	0	0	;
	142	342	1000.0	45.399652	0.007370073376623377	0.15	4	70.0	0	0	;
	143	260	500.0	293798.35144	74.19150288888889	0.15	4	45.0	0	0	;
	143	523	1000.0	7055.392799	2.0043729542613637	0.15	4	40.0	0	0	;
	144	137	1000.0	7898.189163	2.991738319318182	0.15	4	30.0	0	0	;
	144	160	1000.0	20667.323799	6.710170064610391	0.15	4	35.0	0	0	;
	144	523	1500.0	109194.822693	19.09000396730769	0.15	4	65.0	0	0	;
	145	335	1000.0	500.933236	0.16264066103896105	0.15	4	35.0	0	0	;
	146	225	500.0	21163.704758	4.0082774162878785	0.15	4	60.0	0	0	;
	146	491	500.0	154762.094421	31.97563934318181	0.15	4	55.0	0	0	;
	146	498	500.0	160078.862915	25.986828395292207	0.15	4	70.0	0	0	;
	147	148	1500.0	24145.643692	3.6584308624242423	0.15	4	75.0	0	0	;
	148	147	1500.0	24145.643692	3.6584308624242423	0.15	4	75.0	0	0	;
	148	353	2500.0	116321.253662	17.624432373030302	0.15	4	75.0	0	0	;
	148	431	500.0	25836.931458	4.516946059090909	0.15	4	65.0	0	0	;
	149	290	500.0	853.843639	0.14927336346153847	0.15	4	65.0	0	0	;
	150	346	1000.0	541.626863	0.11190637665289255	0.15	4	55.0	0	0	;
	151	432	500.0	240878.388062	39.10363442564935	0.15	4	70.0	0	0	;
	151	473	1000.0	55122.855377	8.948515483279222	0.15	4	70.0	0	0	;
	152	230	500.0	31474.361801	6.502967314256198	0.15	4	55.0	0	0	;
	152	432	1000.0	16710.667305	3.452617211776859	0.15	4	55.0	0	0	;
	152	527	750.0	58866.655426	9.556275231493506	0.15	4	70.0	0	0	;
	153	293	500.0	131187.648926	21.296696254220777	0.15	4	70.0	0	0	;
	153	317	500.0	18835.637741	3.5673556327651514	0.15	4	60.0	0	0	;
	153	318	750.0	12914.428596	2.6682703710743803	0.15	4	55.0	0	0	;
	154	155	500.0	87564.927979	15.30855384248252	0.15	4	65.0	0	0	;
	155	154	500.0	87564.927979	15.30855384248252	0.15	4	65.0	0	0	;
	155	286	1000.0	44056.641541	6.675248718333333	0.15	4	75.0	0	0	;
	155	330	1000.0	45153.054657	6.8413719177272725	0.15	4	75.0	0	0	;
	156	507	1000.0	116288.432922	24.026535727685953	0.15	4	55.0	0	0	;
	157	158	500.0	64172.35611	12.153855323863636	0.15	4	60.0	0	0	;
	157	377	500.0	174505.204468	26.440182495151518	0.15	4	75.0	0	0	;
	157	414	500.0	51087.329407	10.555233348553719	0.15	4	55.0	0	0	;
	158	157	500.0	64172.35611	12.153855323863636	0.15	4	60.0	0	0	;
	158	521	500.0	10763.561096	1.88174145034965	0.15	4	65.0	0	0	;
	159	349	1000.0	252.819035	0.04788239299242424	0.15	4	60.0	0	0	;
	160	144	1000.0	20667.323799	6.710170064610391	0.15	4	35.0	0	0	;
	160	511	500.0	61872.4823	12.783570723140494	0.15	4	55.0	0	0	;
	160	522	1000.0	101053.647766	17.666721637412586	0.15	4	65.0	0	0	;
	161	189	2000.0	40862.913666	8.442750757438017	0.15	4	55.0	0	0	;
	161	511	500.0	59223.710632	12.236303849586777	0.15	4	55.0	0	0	;
	162	533	500.0	411.920103	0.08510745929752066	0.15	4	55.0	0	0	;
	163	45	500.0	94122.137146	23.768216451010098	0.15	4	45.0	0	0	;
	163	189	1000.0	24738.834	4.01604448051948	0.15	4	70.0	0	0	;
	163	193	1000.0	91686.665039	13.89191894530303	0.15	4	75.0	0	0	;
	163	533	500.0	146927.09198	30.35683718595041	0.15	4	55.0	0	0	;
	164	1	90000.0	10.0	0.0016233766233766235	0.15	4	70.0	0	0	;
	164	267	1000.0	2144.442959	0.32491559984848484	0.15	4	75.0	0	0	;
	164	481	1000.0	129055.881958	19.553921508787877	0.15	4	75.0	0	0	;
	164	482	500.0	40772.344437	6.618887083928571	0.15	4	70.0	0	0	;
	165	167	500.0	15770.569382	2.7570925493006992	0.15	4	65.0	0	0	;
	165	482	500.0	192141.049805	31.191728864448045	0.15	4	70.0	0	0	;
	165	504	500.0	178451.387329	27.038088989242425	0.15	4	75.0	0	0	;
	166	1	90000.0	10.0	0.0016233766233766235	0.15	4	70.0	0	0	;
	166	504	500.0	124878.302307	18.920954895	0.15	4	75.0	0	0	;
	167	138	500.0	18104.999886	2.743181800909091	0.15	4	75.0	0	0	;
	167	165	500.0	15770.569382	2.7570925493006992	0.15	4	65.0	0	0	;
	167	210	500.0	93656.302185	14.19034881590909	0.15	4	75.0	0	0	;
	167	339	500.0	173533.7146	26.29298706060606	0.15	4	75.0	0	0	;
	168	169	500.0	26659.172058	4.039268493636364	0.15	4	75.0	0	0	;
	168	242	1000.0	61622.887573	10.773232093181818	0.15	4	65.0	0	0	;
	169	168	500.0	26659.172058	4.039268493636364	0.15	4	75.0	0	0	;
	169	244	500.0	57780.700836	10.101521125174827	0.15	4	65.0	0	0	;
	170	349	2000.0	45307.324219	7.920860877447552	0.15	4	65.0	0	0	;
	170	534	2000.0	26940.041656	4.709797492307692	0.15	4	65.0	0	0	;
	171	125	2000.0	29966.035309	5.238817361713287	0.15	4	65.0	0	0	;
	171	513	1500.0	47440.163727	8.293734917307692	0.15	4	65.0	0	0	;
	172	322	1000.0	11200.142899	2.314079111363636	0.15	4	55.0	0	0	;
	172	510	1000.0	8595.801716	1.5027625377622378	0.15	4	65.0	0	0	;
	173	321	500.0	121870.506592	23.08153533939394	0.15	4	60.0	0	0	;
	173	323	1000.0	24702.261887	5.103773117148761	0.15	4	55.0	0	0	;
	174	175	1000.0	20155.698166	4.164400447520661	0.15	4	55.0	0	0	;
	174	356	1500.0	83693.61145	17.292068481404957	0.15	4	55.0	0	0	;
	175	174	1000.0	20155.698166	4.164400447520661	0.15	4	55.0	0	0	;
	175	382	2000.0	6162.075005	1.0772858400349647	0.15	4	65.0	0	0	;
	176	35	1000.0	68542.716064	14.16171819504132	0.15	4	55.0	0	0	;
	176	302	1500.0	54391.468506	9.50899799055944	0.15	4	65.0	0	0	;
	176	347	1000.0	80563.994293	14.084614386888111	0.15	4	65.0	0	0	;
	176	548	2500.0	855.117517	0.1494960694055944	0.15	4	65.0	0	0	;
	177	355	1500.0	172206.604614	30.106049757692308	0.15	4	65.0	0	0	;
	178	1	90000.0	10.0	0.0016233766233766235	0.15	4	70.0	0	0	;
	178	436	1500.0	110768.757935	17.981941223214285	0.15	4	70.0	0	0	;
	179	287	1000.0	20946.721802	3.662014301048951	0.15	4	65.0	0	0	;
	179	407	1000.0	26883.368225	4.073237609848484	0.15	4	75.0	0	0	;
	180	1	90000.0	10.0	0.0016233766233766235	0.15	4	70.0	0	0	;
	180	110	500.0	42595.317993	8.800685535743801	0.15	4	55.0	0	0	;
	181	405	1000.0	14364.037285	2.3318242345779225	0.15	4	70.0	0	0	;
	182	1	90000.0	10.0	0.0016233766233766235	0.15	4	70.0	0	0	;
	182	25	1000.0	73759.229736	16.763461303636362	0.15	4	50.0	0	0	;
	183	49	500.0	59575.96656	13.5399924	0.15	4	50.0	0	0	;
	183	348	2500.0	776.289816	0.14702458636363636	0.15	4	60.0	0	0	;
	184	217	1500.0	53828.077698	9.410503094055944	0.15	4	65.0	0	0	;
	184	530	3000.0	77345.532532	11.71902008060606	0.15	4	75.0	0	0	;
	185	1	90000.0	10.0	0.0016233766233766235	0.15	4	70.0	0	0	;
	185	25	1000.0	54966.002655	12.492273330681819	0.15	4	50.0	0	0	;
	185	214	500.0	6697.000694	1.0871754373376623	0.15	4	70.0	0	0	;
	186	1	90000.0	10.0	0.0016233766233766235	0.15	4	70.0	0	0	;
	186	25	1000.0	48001.978455	9.91776414359504	0.15	4	55.0	0	0	;
	186	342	500.0	114627.697449	18.60839244301948	0.15	4	70.0	0	0	;
	187	341	1500.0	53686.50238	8.134318542424241	0.15	4	75.0	0	0	;
	187	342	500.0	46693.952637	7.580187116396104	0.15	4	70.0	0	0	;
	188	260	1500.0	83707.277527	14.634139427797203	0.15	4	65.0	0	0	;
	188	480	1000.0	141853.331909	24.799533550524476	0.15	4	65.0	0	0	;
	189	106	500.0	86625.765381	19.687673950227275	0.15	4	50.0	0	0	;
	189	163	1000.0	24738.834	4.01604448051948	0.15	4	70.0	0	0	;
	190	195	500.0	156226.95282	25.361518314935065	0.15	4	70.0	0	0	;
	190	519	500.0	153.626525	0.02327674621212121	0.15	4	75.0	0	0	;
	191	488	500.0	251.97889	0.038178619696969694	0.15	4	75.0	0	0	;
	192	523	500.0	12422.045746	2.3526601791666666	0.15	4	60.0	0	0	;
	193	163	1000.0	91686.665039	13.89191894530303	0.15	4	75.0	0	0	;
	193	418	500.0	55303.888092	8.379376983636364	0.15	4	75.0	0	0	;
	193	519	500.0	124082.004089	18.800303649848484	0.15	4	75.0	0	0	;
	194	1	90000.0	10.0	0.0016233766233766235	0.15	4	70.0	0	0	;
	194	264	1000.0	11977.525635	3.8888070243506494	0.15	4	35.0	0	0	;
	195	6	500.0	130730.152588	33.0126647949495	0.15	4	45.0	0	0	;
	195	190	500.0	156226.95282	25.361518314935065	0.15	4	70.0	0	0	;
	196	209	500.0	5217.197857	0.7904845237878787	0.15	4	75.0	0	0	;
	196	368	500.0	101182.997131	15.330757141060605	0.15	4	75.0	0	0	;
	196	518	500.0	177726.329956	26.928231811515147	0.15	4	75.0	0	0	;
	197	479	500.0	13644.121056	3.445485115151515	0.15	4	45.0	0	0	;
	198	36	1000.0	66476.666107	10.07222213742424	0.15	4	75.0	0	0	;
	198	487	500.0	20033.543129	3.794231653219698	0.15	4	60.0	0	0	;
	199	200	500.0	80458.663788	12.190706634545455	0.15	4	75.0	0	0	;
	199	201	500.0	104596.142578	15.84790039060606	0.15	4	75.0	0	0	;
	199	515	1000.0	65127.888794	9.867861938484848	0.15	4	75.0	0	0	;
	199	518	2000.0	118737.11792	17.990472412121214	0.15	4	75.0	0	0	;
	200	36	1000.0	68902.39975	15.659636306818182	0.15	4	50.0	0	0	;
	200	199	500.0	80458.663788	12.190706634545455	0.15	4	75.0	0	0	;
	201	33	500.0	45210.176239	6.850026702878787	0.15	4	75.0	0	0	;
	201	199	500.0	104596.142578	15.84790039060606	0.15	4	75.0	0	0	;
	201	403	500.0	49539.729309	8.042163848863638	0.15	4	70.0	0	0	;
	202	203	500.0	182312.451782	29.59617723733766	0.15	4	70.0	0	0	;
	202	205	1000.0	142414.899902	21.578015136666668	0.15	4	75.0	0	0	;
	202	514	1000.0	6567.454319	2.1322903633116885	0.15	4	35.0	0	0	;
	203	202	500.0	182312.451782	29.59617723733766	0.15	4	70.0	0	0	;
	203	456	500.0	30044.167099	4.877299853733766	0.15	4	70.0	0	0	;
	204	207	1500.0	39398.082962	6.887776741608392	0.15	4	65.0	0	0	;
	204	455	750.0	16318.026924	3.090535402272727	0.15	4	60.0	0	0	;
	204	456	1000.0	27513.173447	6.9477710724747475	0.15	4	45.0	0	0	;
	205	202	1000.0	142414.899902	21.578015136666668	0.15	4	75.0	0	0	;
	205	266	1000.0	62902.201538	10.996888380769231	0.15	4	65.0	0	0	;
	206	266	500.0	1659.941297	0.2901995274475525	0.15	4	65.0	0	0	;
	207	204	1500.0	39398.082962	6.887776741608392	0.15	4	65.0	0	0	;
	208	1	90000.0	10.0	0.0016233766233766235	0.15	4	70.0	0	0	;
	208	476	1000.0	162458.35144	33.56577509090909	0.15	4	55.0	0	0	;
	209	196	500.0	5217.197857	0.7904845237878787	0.15	4	75.0	0	0	;
	209	265	500.0	4168.025923	0.6315190792424242	0.15	4	75.0	0	0	;
	210	167	500.0	93656.302185	14.19034881590909	0.15	4	75.0	0	0	;
	210	343	500.0	173387.365723	28.14729963035714	0.15	4	70.0	0	0	;
	210	381	500.0	80981.534729	12.26992950439394	0.15	4	75.0	0	0	;
	211	343	500.0	166919.665833	27.097348349512988	0.15	4	70.0	0	0	;
	211	530	500.0	3774.170437	0.6126900060064935	0.15	4	70.0	0	0	;
	212	217	1000.0	78830.638275	11.944036102272728	0.15	4	75.0	0	0	;
	212	338	1000.0	123835.108337	18.762895202575756	0.15	4	75.0	0	0	;
	212	531	1000.0	10829.089279	2.461156654318182	0.15	4	50.0	0	0	;
	213	215	500.0	315.508255	0.05121887256493507	0.15	4	70.0	0	0	;
	214	185	500.0	6697.000694	1.0871754373376623	0.15	4	70.0	0	0	;
	214	341	500.0	98128.926086	15.930020468506495	0.15	4	70.0	0	0	;
	214	478	500.0	108718.181763	17.649055481006492	0.15	4	70.0	0	0	;
	215	213	500.0	315.508255	0.05121887256493507	0.15	4	70.0	0	0	;
	215	337	500.0	3902.894154	0.6335867133116884	0.15	4	70.0	0	0	;
	215	491	1000.0	155164.040222	23.509703063939394	0.15	4	75.0	0	0	;
	216	219	500.0	75.776344	0.011481264242424242	0.15	4	75.0	0	0	;
	217	184	1500.0	53828.077698	9.410503094055944	0.15	4	65.0	0	0	;
	217	212	1000.0	78830.638275	11.944036102272728	0.15	4	75.0	0	0	;
	217	338	1000.0	67953.367767	10.295964813181818	0.15	4	75.0	0	0	;
	218	98	500.0	15836.28891	3.271960518595041	0.15	4	55.0	0	0	;
	218	219	500.0	180895.731812	27.408444213939394	0.15	4	75.0	0	0	;
	218	335	500.0	12237.218857	1.8541240692424241	0.15	4	75.0	0	0	;
	218	366	500.0	123320.037231	18.68485412590909	0.15	4	75.0	0	0	;
	219	216	500.0	75.776344	0.011481264242424242	0.15	4	75.0	0	0	;
	219	218	500.0	180895.731812	27.408444213939394	0.15	4	75.0	0	0	;
	219	395	500.0	138687.696533	21.013287353484852	0.15	4	75.0	0	0	;
	220	1	90000.0	10.0	0.0016233766233766235	0.15	4	70.0	0	0	;
	220	427	1000.0	43383.876801	7.04283714301948	0.15	4	70.0	0	0	;
	221	270	1000.0	125299.3927	21.905488234265736	0.15	4	65.0	0	0	;
	221	307	1000.0	9677.278576	1.570986781818182	0.15	4	70.0	0	0	;
	221	309	1000.0	46745.364075	7.588533129058442	0.15	4	70.0	0	0	;
	222	310	1000.0	50491.767426	7.650267791818182	0.15	4	75.0	0	0	;
	222	361	1000.0	124861.886902	18.918467712424242	0.15	4	75.0	0	0	;
	222	413	500.0	3126.882935	0.4737701416666667	0.15	4	75.0	0	0	;
	223	361	500.0	4593.310804	1.7398904560606059	0.15	4	30.0	0	0	;
	224	1	90000.0	10.0	0.0016233766233766235	0.15	4	70.0	0	0	;
	224	40	500.0	74324.50882	14.076611518939394	0.15	4	60.0	0	0	;
	224	394	1000.0	31718.961411	8.009838740151515	0.15	4	45.0	0	0	;
	225	146	500.0	21163.704758	4.0082774162878785	0.15	4	60.0	0	0	;
	225	400	500.0	14073.871078	2.9078246028925623	0.15	4	55.0	0	0	;
	225	478	1000.0	130005.044861	22.728154695979022	0.15	4	65.0	0	0	;
	226	227	1000.0	122.844277	0.01994225275974026	0.15	4	70.0	0	0	;
	226	228	1000.0	112121.961365	18.20161710470779	0.15	4	70.0	0	0	;
	226	346	1000.0	21654.233322	3.5152976172077928	0.15	4	70.0	0	0	;
	227	226	1000.0	122.844277	0.01994225275974026	0.15	4	70.0	0	0	;
	227	429	1000.0	118706.663818	19.270562308116883	0.15	4	70.0	0	0	;
	228	226	1000.0	112121.961365	18.20161710470779	0.15	4	70.0	0	0	;
	228	398	500.0	9460.67831	1.9546856012396694	0.15	4	55.0	0	0	;
	229	30	500.0	34208.823395	5.183155059848485	0.15	4	75.0	0	0	;
	229	398	500.0	17416.282997	2.638830757121212	0.15	4	75.0	0	0	;
	229	431	500.0	138061.343079	20.918385315000005	0.15	4	75.0	0	0	;
	230	152	500.0	31474.361801	6.502967314256198	0.15	4	55.0	0	0	;
	230	278	500.0	29831.32576	5.215266741258741	0.15	4	65.0	0	0	;
	231	278	500.0	326.988103	0.05716575227272728	0.15	4	65.0	0	0	;
	232	527	750.0	312.281823	0.050695101136363635	0.15	4	70.0	0	0	;
	233	279	1000.0	272433.308716	51.59721755984849	0.15	4	60.0	0	0	;
	234	362	1000.0	39746.565399	6.94870024458042	0.15	4	65.0	0	0	;
	234	363	1000.0	1436.441274	0.36273769545454543	0.15	4	45.0	0	0	;
	235	329	500.0	88157.685242	13.357225036666668	0.15	4	75.0	0	0	;
	235	434	500.0	13538.193855	2.7971474907024794	0.15	4	55.0	0	0	;
	236	248	1000.0	52143.479462	7.900527191212121	0.15	4	75.0	0	0	;
	236	286	1000.0	34701.174774	5.257753753636364	0.15	4	75.0	0	0	;
	236	465	500.0	67528.470612	11.80567668041958	0.15	4	65.0	0	0	;
	237	56	1000.0	52208.637543	7.910399627727273	0.15	4	75.0	0	0	;
	237	312	500.0	238015.823364	41.61115793076923	0.15	4	65.0	0	0	;
	237	517	500.0	12175.788231	2.515658725413223	0.15	4	55.0	0	0	;
	238	422	1000.0	3560.322647	0.8091642379545454	0.15	4	50.0	0	0	;
	239	119	1000.0	881.930158	0.15418359405594406	0.15	4	65.0	0	0	;
	239	242	1000.0	55404.822693	9.686157813461538	0.15	4	65.0	0	0	;
	239	461	500.0	39859.544678	9.058987426818181	0.15	4	50.0	0	0	;
	240	74	500.0	35116.268005	9.976212501420454	0.15	4	40.0	0	0	;
	240	119	1000.0	2704.172401	0.47275741276223776	0.15	4	65.0	0	0	;
	240	241	500.0	123384.006958	23.368183135984847	0.15	4	60.0	0	0	;
	241	240	500.0	123384.006958	23.368183135984847	0.15	4	60.0	0	0	;
	242	168	1000.0	61622.887573	10.773232093181818	0.15	4	65.0	0	0	;
	242	239	1000.0	55404.822693	9.686157813461538	0.15	4	65.0	0	0	;
	242	243	500.0	113109.463806	21.422246932954547	0.15	4	60.0	0	0	;
	243	76	500.0	22298.726807	4.223243713446969	0.15	4	60.0	0	0	;
	243	242	500.0	113109.463806	21.422246932954547	0.15	4	60.0	0	0	;
	244	169	500.0	57780.700836	10.101521125174827	0.15	4	65.0	0	0	;
	244	245	500.0	103940.533447	18.171421931293704	0.15	4	65.0	0	0	;
	245	244	500.0	103940.533447	18.171421931293704	0.15	4	65.0	0	0	;
	246	90	1000.0	27543.791199	8.942789350324675	0.15	4	35.0	0	0	;
	246	525	1500.0	481.484946	0.12158710757575757	0.15	4	45.0	0	0	;
	247	328	2000.0	80239.246216	12.157461547878787	0.15	4	75.0	0	0	;
	247	450	1000.0	238265.2771	36.100799560606056	0.15	4	75.0	0	0	;
	248	117	750.0	1407.564039	0.29081901632231405	0.15	4	55.0	0	0	;
	248	118	3500.0	16016.729965	2.8001276162587416	0.15	4	65.0	0	0	;
	248	236	1000.0	52143.479462	7.900527191212121	0.15	4	75.0	0	0	;
	249	1	90000.0	10.0	0.0016233766233766235	0.15	4	70.0	0	0	;
	249	471	500.0	6614.243889	1.3665793159090909	0.15	4	55.0	0	0	;
	250	501	1000.0	102292.890015	21.13489463119835	0.15	4	55.0	0	0	;
	251	15	750.0	18421.846161	6.977972030681818	0.15	4	30.0	0	0	;
	251	113	1000.0	16231.800728	3.3536778363636364	0.15	4	55.0	0	0	;
	251	373	1000.0	6953.770237	1.3170019388257574	0.15	4	60.0	0	0	;
	252	494	1000.0	7134.512157	1.474072759710744	0.15	4	55.0	0	0	;
	252	500	1000.0	72883.271484	11.831699916233765	0.15	4	70.0	0	0	;
	253	494	500.0	9465.338573	1.955648465495868	0.15	4	55.0	0	0	;
	253	528	1000.0	64038.923035	9.702867126515152	0.15	4	75.0	0	0	;
	254	526	1000.0	214.368049	0.04429091921487603	0.15	4	55.0	0	0	;
	255	1	90000.0	10.0	0.0016233766233766235	0.15	4	70.0	0	0	;
	255	402	1000.0	112027.467041	18.186277117045453	0.15	4	70.0	0	0	;
	256	1	90000.0	10.0	0.0016233766233766235	0.15	4	70.0	0	0	;
	256	374	1500.0	93313.774109	15.14833995275974	0.15	4	70.0	0	0	;
	257	313	1000.0	99640.321655	15.097018432575759	0.15	4	75.0	0	0	;
	258	438	1000.0	143952.05658	21.810917663636367	0.15	4	75.0	0	0	;
	258	445	1000.0	687.255049	0.10412955287878786	0.15	4	75.0	0	0	;
	258	524	1000.0	36589.115067	6.929756641477272	0.15	4	60.0	0	0	;
	259	524	1000.0	829.360499	0.20943446944444444	0.15	4	45.0	0	0	;
	260	143	500.0	293798.35144	74.19150288888889	0.15	4	45.0	0	0	;
	260	188	1500.0	83707.277527	14.634139427797203	0.15	4	65.0	0	0	;
	260	189	3000.0	161325.920105	28.203832186188812	0.15	4	65.0	0	0	;
	260	372	750.0	70723.573151	10.715692901666667	0.15	4	75.0	0	0	;
	260	533	1000.0	36597.242203	5.545036697424242	0.15	4	75.0	0	0	;
	261	187	1500.0	162033.162231	24.55047912590909	0.15	4	75.0	0	0	;
	261	283	1000.0	25439.255676	4.129749298051949	0.15	4	70.0	0	0	;
	262	9	1000.0	24945.310593	3.779592514090909	0.15	4	75.0	0	0	;
	262	372	1000.0	21465.088577	3.2522861480303025	0.15	4	75.0	0	0	;
	263	518	1000.0	533.88167	0.2022279053030303	0.15	4	30.0	0	0	;
	264	194	1000.0	11977.525635	3.8888070243506494	0.15	4	35.0	0	0	;
	264	505	1000.0	77906.662445	13.620045881993006	0.15	4	65.0	0	0	;
	264	516	500.0	244002.491455	36.970074462878785	0.15	4	75.0	0	0	;
	265	138	500.0	193152.138062	29.265475463939396	0.15	4	75.0	0	0	;
	265	209	500.0	4168.025923	0.6315190792424242	0.15	4	75.0	0	0	;
	265	505	500.0	202374.776001	30.662844848636357	0.15	4	75.0	0	0	;
	266	205	1000.0	62902.201538	10.996888380769231	0.15	4	65.0	0	0	;
	266	206	500.0	1659.941297	0.2901995274475525	0.15	4	65.0	0	0	;
	266	455	1500.0	17793.181458	3.110696059090909	0.15	4	65.0	0	0	;
	267	1	90000.0	10.0	0.0016233766233766235	0.15	4	70.0	0	0	;
	267	164	1000.0	2144.442959	0.32491559984848484	0.15	4	75.0	0	0	;
	268	1	90000.0	10.0	0.0016233766233766235	0.15	4	70.0	0	0	;
	268	411	1000.0	95091.089172	14.407740783636365	0.15	4	75.0	0	0	;
	269	270	500.0	16737.11071	2.717063426948052	0.15	4	70.0	0	0	;
	269	375	500.0	13536.038704	2.796702211570248	0.15	4	55.0	0	0	;
	269	376	500.0	283.112968	0.05849441487603307	0.15	4	55.0	0	0	;
	270	221	1000.0	125299.3927	21.905488234265736	0.15	4	65.0	0	0	;
	270	269	500.0	16737.11071	2.717063426948052	0.15	4	70.0	0	0	;
	270	345	750.0	81240.757141	13.188434600811686	0.15	4	70.0	0	0	;
	271	408	1000.0	72505.36972	14.9804482892562	0.15	4	55.0	0	0	;
	271	468	1000.0	18098.981323	2.419649909491979	0.15	4	85.0	0	0	;
	272	408	1000.0	61444.543762	10.742053105244755	0.15	4	65.0	0	0	;
	272	409	1000.0	1805.40772	0.5861713376623376	0.15	4	35.0	0	0	;
	273	289	2000.0	22385.929871	3.6340795245129867	0.15	4	70.0	0	0	;
	273	290	1000.0	96842.774048	15.721229553246754	0.15	4	70.0	0	0	;
	273	468	1000.0	49088.023682	8.581822322027971	0.15	4	65.0	0	0	;
	274	336	1000.0	2331.932631	0.5888718765151516	0.15	4	45.0	0	0	;
	275	502	1000.0	52535.52063	7.959927368181818	0.15	4	75.0	0	0	;
	275	503	2000.0	17030.270462	2.580344009393939	0.15	4	75.0	0	0	;
	276	28	750.0	59317.590637	16.851588249147728	0.15	4	40.0	0	0	;
	276	338	500.0	7473.173676	1.4153738022727274	0.15	4	60.0	0	0	;
	277	437	1000.0	202461.989136	35.39545264615384	0.15	4	65.0	0	0	;
	277	448	1000.0	135820.39856	20.578848266666668	0.15	4	75.0	0	0	;
	277	454	500.0	20444.669724	3.31893989025974	0.15	4	70.0	0	0	;
	278	230	500.0	29831.32576	5.215266741258741	0.15	4	65.0	0	0	;
	278	231	500.0	326.988103	0.05716575227272728	0.15	4	65.0	0	0	;
	278	383	1000.0	44134.760742	8.358856201136364	0.15	4	60.0	0	0	;
	279	233	1000.0	272433.308716	51.59721755984849	0.15	4	60.0	0	0	;
	279	383	500.0	3782.043285	0.7162960767045455	0.15	4	60.0	0	0	;
	280	1	90000.0	10.0	0.0016233766233766235	0.15	4	70.0	0	0	;
	280	14	1000.0	41216.242676	11.709159851136363	0.15	4	40.0	0	0	;
	280	470	500.0	52618.816223	7.972547912575758	0.15	4	75.0	0	0	;
	281	7	500.0	22024.942017	3.5754776001623383	0.15	4	70.0	0	0	;
	281	326	1000.0	102373.124084	16.619013650000003	0.15	4	70.0	0	0	;
	281	369	1000.0	20770.774841	3.1470870971212115	0.15	4	75.0	0	0	;
	282	84	500.0	157236.208191	25.52535847256494	0.15	4	70.0	0	0	;
	282	340	500.0	113.821498	0.017245681515151514	0.15	4	75.0	0	0	;
	283	261	1000.0	25439.255676	4.129749298051949	0.15	4	70.0	0	0	;
	283	380	500.0	118779.213867	20.765596829895102	0.15	4	65.0	0	0	;
	283	475	500.0	45190.875549	7.336181095616883	0.15	4	70.0	0	0	;
	284	466	1000.0	128924.387512	22.539228586013987	0.15	4	65.0	0	0	;
	285	521	500.0	361.905988	0.06854280075757575	0.15	4	60.0	0	0	;
	286	77	500.0	64820.658875	11.332283020104894	0.15	4	65.0	0	0	;
	286	155	1000.0	44056.641541	6.675248718333333	0.15	4	75.0	0	0	;
	286	236	1000.0	34701.174774	5.257753753636364	0.15	4	75.0	0	0	;
	286	521	500.0	205713.911133	33.39511544366882	0.15	4	70.0	0	0	;
	287	1	90000.0	10.0	0.0016233766233766235	0.15	4	70.0	0	0	;
	287	179	1000.0	20946.721802	3.662014301048951	0.15	4	65.0	0	0	;
	288	1	90000.0	10.0	0.0016233766233766235	0.15	4	70.0	0	0	;
	288	437	1000.0	36584.60083	6.928901672348485	0.15	4	60.0	0	0	;
	289	1	90000.0	10.0	0.0016233766233766235	0.15	4	70.0	0	0	;
	289	40	1000.0	105513.85437	21.800383134297523	0.15	4	55.0	0	0	;
	289	110	750.0	13735.930252	2.401386407692308	0.15	4	65.0	0	0	;
	289	273	2000.0	22385.929871	3.6340795245129867	0.15	4	70.0	0	0	;
	290	149	500.0	853.843639	0.14927336346153847	0.15	4	65.0	0	0	;
	290	273	1000.0	96842.774048	15.721229553246754	0.15	4	70.0	0	0	;
	290	291	500.0	34669.763947	6.061147543181818	0.15	4	65.0	0	0	;
	291	79	500.0	1532.808924	0.3166960586776859	0.15	4	55.0	0	0	;
	291	290	500.0	34669.763947	6.061147543181818	0.15	4	65.0	0	0	;
	291	384	1000.0	151740.00824	22.990910339393935	0.15	4	75.0	0	0	;
	292	333	1000.0	123172.963257	18.662570190454545	0.15	4	75.0	0	0	;
	293	153	500.0	131187.648926	21.296696254220777	0.15	4	70.0	0	0	;
	293	327	1000.0	89589.360352	13.574145507878788	0.15	4	75.0	0	0	;
	293	393	1000.0	70868.522186	13.422068595833334	0.15	4	60.0	0	0	;
	294	133	1500.0	4213.141222	0.8704837235537191	0.15	4	55.0	0	0	;
	294	356	1000.0	42906.369781	7.501113598076923	0.15	4	65.0	0	0	;
	294	539	3000.0	52212.374803	11.866448818863637	0.15	4	50.0	0	0	;
	294	542	3500.0	58527.697449	13.301749420227273	0.15	4	50.0	0	0	;
	295	355	3000.0	45506.771393	11.491608937626264	0.15	4	45.0	0	0	;
	295	464	1000.0	41042.40312	7.175245300699301	0.15	4	65.0	0	0	;
	295	544	3000.0	17867.414589	4.060776042954545	0.15	4	50.0	0	0	;
	296	50	500.0	9649.433441	1.9936845952479334	0.15	4	55.0	0	0	;
	296	328	1000.0	18835.489197	3.8916299993801653	0.15	4	55.0	0	0	;
	296	329	500.0	166726.669006	27.066017695779223	0.15	4	70.0	0	0	;
	297	371	500.0	53352.322998	8.083685302727273	0.15	4	75.0	0	0	;
	298	299	1000.0	9056.934872	2.2871047656565655	0.15	4	45.0	0	0	;
	298	371	1000.0	6014.455318	1.518801847979798	0.15	4	45.0	0	0	;
	299	298	1000.0	9056.934872	2.2871047656565655	0.15	4	45.0	0	0	;
	299	370	1000.0	701.14465	0.122577736013986	0.15	4	65.0	0	0	;
	300	301	500.0	15120.912094	2.64351610034965	0.15	4	65.0	0	0	;
	300	370	500.0	1012.609971	0.1770297152097902	0.15	4	65.0	0	0	;
	301	118	1000.0	83290.623322	14.561297783566435	0.15	4	65.0	0	0	;
	301	300	500.0	15120.912094	2.64351610034965	0.15	4	65.0	0	0	;
	302	176	1500.0	54391.468506	9.50899799055944	0.15	4	65.0	0	0	;
	303	49	500.0	50823.173279999995	11.5507212	0.15	4	50.0	0	0	;
	303	331	1500.0	1408.628372	0.2462637013986014	0.15	4	65.0	0	0	;
	304	123	500.0	329.855409	0.08329682045454546	0.15	4	45.0	0	0	;
	305	26	500.0	16287.322311	2.6440458297077924	0.15	4	70.0	0	0	;
	305	123	1500.0	9490.156174	2.696067094886364	0.15	4	40.0	0	0	;
	305	393	1000.0	16141.070366	2.6203036308441554	0.15	4	70.0	0	0	;
	306	13	500.0	115214.150391	17.45668945318182	0.15	4	75.0	0	0	;
	306	359	500.0	493.958302	0.11226325045454545	0.15	4	50.0	0	0	;
	307	221	1000.0	9677.278576	1.570986781818182	0.15	4	70.0	0	0	;
	307	412	1000.0	24851.277008	5.134561365289255	0.15	4	55.0	0	0	;
	307	428	1000.0	37306.010056	5.652425766060606	0.15	4	75.0	0	0	;
	308	412	1000.0	5071.920261	1.0479174092975208	0.15	4	55.0	0	0	;
	308	413	1000.0	15110.237045	2.2894298553030303	0.15	4	75.0	0	0	;
	309	221	1000.0	46745.364075	7.588533129058442	0.15	4	70.0	0	0	;
	310	222	1000.0	50491.767426	7.650267791818182	0.15	4	75.0	0	0	;
	311	319	1000.0	44846.98288	6.794997406060607	0.15	4	75.0	0	0	;
	311	532	500.0	24579.818573	5.078474911776859	0.15	4	55.0	0	0	;
	312	237	500.0	238015.823364	41.61115793076923	0.15	4	65.0	0	0	;
	312	386	1000.0	1221.623383	0.25240152541322314	0.15	4	55.0	0	0	;
	312	460	1000.0	91012.948608	14.774829319480522	0.15	4	70.0	0	0	;
	313	257	1000.0	99640.321655	15.097018432575759	0.15	4	75.0	0	0	;
	313	315	500.0	114164.91394	17.297714233333334	0.15	4	75.0	0	0	;
	313	386	500.0	21097.64534	4.359017632231405	0.15	4	55.0	0	0	;
	313	387	1000.0	2098.61877	0.31797254090909094	0.15	4	75.0	0	0	;
	314	318	1000.0	11821.108475	2.066627355769231	0.15	4	65.0	0	0	;
	314	507	1000.0	4719.993296	0.9752052264462808	0.15	4	55.0	0	0	;
	314	508	1000.0	497.741697	0.0870177791958042	0.15	4	65.0	0	0	;
	315	313	500.0	114164.91394	17.297714233333334	0.15	4	75.0	0	0	;
	315	316	1000.0	122.422503	0.01854886409090909	0.15	4	75.0	0	0	;
	316	315	1000.0	122.422503	0.01854886409090909	0.15	4	75.0	0	0	;
	316	317	1000.0	124.224105	0.023527292613636362	0.15	4	60.0	0	0	;
	316	508	1000.0	11274.260216	1.708221244848485	0.15	4	75.0	0	0	;
	317	153	500.0	18835.637741	3.5673556327651514	0.15	4	60.0	0	0	;
	317	316	1000.0	124.224105	0.023527292613636362	0.15	4	60.0	0	0	;
	318	153	750.0	12914.428596	2.6682703710743803	0.15	4	55.0	0	0	;
	318	314	1000.0	11821.108475	2.066627355769231	0.15	4	65.0	0	0	;
	318	319	1000.0	76387.572784	11.573874664242425	0.15	4	75.0	0	0	;
	319	311	1000.0	44846.98288	6.794997406060607	0.15	4	75.0	0	0	;
	319	318	1000.0	76387.572784	11.573874664242425	0.15	4	75.0	0	0	;
	319	327	1000.0	171836.542969	26.03583984378788	0.15	4	75.0	0	0	;
	320	321	1000.0	3897.294159	1.107185840625	0.15	4	40.0	0	0	;
	320	509	500.0	99764.675903	16.195564269967534	0.15	4	70.0	0	0	;
	320	525	1000.0	122829.80072	19.939902714285715	0.15	4	70.0	0	0	;
	321	66	1000.0	56443.731537	9.162943431331168	0.15	4	70.0	0	0	;
	321	173	500.0	121870.506592	23.08153533939394	0.15	4	60.0	0	0	;
	321	320	1000.0	3897.294159	1.107185840625	0.15	4	40.0	0	0	;
	321	450	1000.0	57493.557129	9.3333696637987	0.15	4	70.0	0	0	;
	322	120	1000.0	49504.234772	8.0364017487013	0.15	4	70.0	0	0	;
	322	172	1000.0	11200.142899	2.314079111363636	0.15	4	55.0	0	0	;
	322	323	1000.0	15721.685715	3.2482821725206614	0.15	4	55.0	0	0	;
	323	121	500.0	41315.490417	6.259922790454546	0.15	4	75.0	0	0	;
	323	173	1000.0	24702.261887	5.103773117148761	0.15	4	55.0	0	0	;
	323	322	1000.0	15721.685715	3.2482821725206614	0.15	4	55.0	0	0	;
	324	57	500.0	147003.962402	30.372719504545454	0.15	4	55.0	0	0	;
	324	420	500.0	160457.827148	26.048348562987016	0.15	4	70.0	0	0	;
	324	436	3000.0	138371.261902	20.965342712424242	0.15	4	75.0	0	0	;
	324	441	750.0	9020.999737	1.366818141969697	0.15	4	75.0	0	0	;
	325	326	1000.0	11502.360077	2.376520677066116	0.15	4	55.0	0	0	;
	325	417	500.0	24985.218658	4.056041989935065	0.15	4	70.0	0	0	;
	325	453	1000.0	41533.223648	6.2929126739393935	0.15	4	75.0	0	0	;
	326	281	1000.0	102373.124084	16.619013650000003	0.15	4	70.0	0	0	;
	326	325	1000.0	11502.360077	2.376520677066116	0.15	4	55.0	0	0	;
	326	489	500.0	80818.261871	13.119847706331168	0.15	4	70.0	0	0	;
	327	293	1000.0	89589.360352	13.574145507878788	0.15	4	75.0	0	0	;
	327	319	1000.0	171836.542969	26.03583984378788	0.15	4	75.0	0	0	;
	328	296	1000.0	18835.489197	3.8916299993801653	0.15	4	55.0	0	0	;
	328	425	2000.0	17061.30867	2.982746270979021	0.15	4	65.0	0	0	;
	329	22	500.0	109724.023132	17.81234141753247	0.15	4	70.0	0	0	;
	329	235	500.0	88157.685242	13.357225036666668	0.15	4	75.0	0	0	;
	329	296	500.0	166726.669006	27.066017695779223	0.15	4	70.0	0	0	;
	329	451	500.0	35377.023697	5.36015510560606	0.15	4	75.0	0	0	;
	330	155	1000.0	45153.054657	6.8413719177272725	0.15	4	75.0	0	0	;
	330	362	500.0	114493.292542	32.526503563068175	0.15	4	40.0	0	0	;
	330	462	1000.0	129025.881042	20.945759909415585	0.15	4	70.0	0	0	;
	331	303	1500.0	1408.628372	0.2462637013986014	0.15	4	65.0	0	0	;
	331	348	3500.0	33740.965304	8.520445783838383	0.15	4	45.0	0	0	;
	331	357	3500.0	66077.902679	16.68633906035354	0.15	4	45.0	0	0	;
	331	537	2500.0	73759.990082	12.895103161188812	0.15	4	65.0	0	0	;
	332	333	500.0	101008.752136	16.3975246974026	0.15	4	70.0	0	0	;
	332	448	1000.0	49264.917297	8.612747779195804	0.15	4	65.0	0	0	;
	332	449	1000.0	7612.031136	1.572733705785124	0.15	4	55.0	0	0	;
	333	292	1000.0	123172.963257	18.662570190454545	0.15	4	75.0	0	0	;
	333	332	500.0	101008.752136	16.3975246974026	0.15	4	70.0	0	0	;
	333	384	1000.0	11867.573891	1.7981172562121213	0.15	4	75.0	0	0	;
	333	385	500.0	27854.057465	10.55077934280303	0.15	4	30.0	0	0	;
	334	182	2500.0	119530.656738	18.110705566363638	0.15	4	75.0	0	0	;
	334	394	1000.0	69808.01651	11.332470212662338	0.15	4	70.0	0	0	;
	334	426	1000.0	5942.861366	1.5007225671717173	0.15	4	45.0	0	0	;
	335	145	1000.0	500.933236	0.16264066103896105	0.15	4	35.0	0	0	;
	335	218	500.0	12237.218857	1.8541240692424241	0.15	4	75.0	0	0	;
	335	376	500.0	147597.78717	25.803808945804192	0.15	4	65.0	0	0	;
	335	498	500.0	12148.229485	2.1238163435314688	0.15	4	65.0	0	0	;
	336	274	1000.0	2331.932631	0.5888718765151516	0.15	4	45.0	0	0	;
	336	366	1000.0	129.496828	0.042044424675324675	0.15	4	35.0	0	0	;
	336	367	500.0	30249.213638	4.5832141875757575	0.15	4	75.0	0	0	;
	337	215	500.0	3902.894154	0.6335867133116884	0.15	4	70.0	0	0	;
	337	367	1000.0	98121.614685	14.86691131590909	0.15	4	75.0	0	0	;
	337	502	1000.0	15196.514854	2.302502250606061	0.15	4	75.0	0	0	;
	337	531	500.0	4974.420433	1.130550098409091	0.15	4	50.0	0	0	;
	338	212	1000.0	123835.108337	18.762895202575756	0.15	4	75.0	0	0	;
	338	217	1000.0	67953.367767	10.295964813181818	0.15	4	75.0	0	0	;
	338	276	500.0	7473.173676	1.4153738022727274	0.15	4	60.0	0	0	;
	338	395	1000.0	61718.49472	9.351287078787879	0.15	4	75.0	0	0	;
	339	167	500.0	173533.7146	26.29298706060606	0.15	4	75.0	0	0	;
	339	343	1000.0	101724.524231	15.412806701666668	0.15	4	75.0	0	0	;
	339	514	1000.0	6883.652916	1.4222423380165288	0.15	4	55.0	0	0	;
	339	515	1000.0	11302.953186	1.7125686645454548	0.15	4	75.0	0	0	;
	340	282	500.0	113.821498	0.017245681515151514	0.15	4	75.0	0	0	;
	340	380	500.0	1567.573171	0.23751108651515151	0.15	4	75.0	0	0	;
	340	381	500.0	41012.817535	6.214063262878788	0.15	4	75.0	0	0	;
	340	476	500.0	157660.672302	25.594264984090906	0.15	4	70.0	0	0	;
	341	141	500.0	1077.279775	0.16322420833333334	0.15	4	75.0	0	0	;
	341	214	500.0	98128.926086	15.930020468506495	0.15	4	70.0	0	0	;
	341	342	1000.0	20735.929871	3.1418075562121213	0.15	4	75.0	0	0	;
	342	142	1000.0	45.399652	0.007370073376623377	0.15	4	70.0	0	0	;
	342	186	500.0	114627.697449	18.60839244301948	0.15	4	70.0	0	0	;
	342	187	500.0	46693.952637	7.580187116396104	0.15	4	70.0	0	0	;
	342	341	1000.0	20735.929871	3.1418075562121213	0.15	4	75.0	0	0	;
	343	210	500.0	173387.365723	28.14729963035714	0.15	4	70.0	0	0	;
	343	211	500.0	166919.665833	27.097348349512988	0.15	4	70.0	0	0	;
	343	339	1000.0	101724.524231	15.412806701666668	0.15	4	75.0	0	0	;
	343	475	1000.0	120959.038696	18.327127075151516	0.15	4	75.0	0	0	;
	344	399	500.0	5029.298429	0.8164445501623377	0.15	4	70.0	0	0	;
	344	400	750.0	120979.985962	24.99586486818182	0.15	4	55.0	0	0	;
	344	426	500.0	133241.921082	25.23521232613636	0.15	4	60.0	0	0	;
	344	477	500.0	25641.948166	4.162653923051948	0.15	4	70.0	0	0	;
	345	270	750.0	81240.757141	13.188434600811686	0.15	4	70.0	0	0	;
	345	364	750.0	86050.581665	13.969250270292209	0.15	4	70.0	0	0	;
	345	497	500.0	89825.581055	34.02484130871212	0.15	4	30.0	0	0	;
	346	150	1000.0	541.626863	0.11190637665289255	0.15	4	55.0	0	0	;
	346	226	1000.0	21654.233322	3.5152976172077928	0.15	4	70.0	0	0	;
	346	473	500.0	25971.366577	4.216130937824675	0.15	4	70.0	0	0	;
	347	176	1000.0	80563.994293	14.084614386888111	0.15	4	65.0	0	0	;
	347	527	3500.0	122385.628052	21.39608882027972	0.15	4	65.0	0	0	;
	347	538	2500.0	40126.69281	7.015156085664336	0.15	4	65.0	0	0	;
	347	540	1000.0	29861.679153	5.6556210517045455	0.15	4	60.0	0	0	;
	348	183	2500.0	776.289816	0.14702458636363636	0.15	4	60.0	0	0	;
	348	331	3500.0	33740.965304	8.520445783838383	0.15	4	45.0	0	0	;
	348	538	3500.0	27594.616013	4.824233568706293	0.15	4	65.0	0	0	;
	348	543	3500.0	39520.658539	8.981967849772726	0.15	4	50.0	0	0	;
	349	159	1000.0	252.819035	0.04788239299242424	0.15	4	60.0	0	0	;
	349	170	2000.0	45307.324219	7.920860877447552	0.15	4	65.0	0	0	;
	349	423	2000.0	30325.865021	5.301724654020979	0.15	4	65.0	0	0	;
	349	545	3000.0	73526.564026	18.567314147979797	0.15	4	45.0	0	0	;
	350	127	1000.0	503.006798	0.0879382513986014	0.15	4	65.0	0	0	;
	350	139	1500.0	34698.732605	6.066211993881119	0.15	4	65.0	0	0	;
	350	544	1500.0	4972.750254	1.1301705122727272	0.15	4	50.0	0	0	;
	350	545	1500.0	19111.959114	4.826252301515153	0.15	4	45.0	0	0	;
	351	48	500.0	122796.315308	25.371139526446285	0.15	4	55.0	0	0	;
	351	140	1500.0	29047.711716	5.501460552272728	0.15	4	60.0	0	0	;
	351	422	1000.0	133332.034607	25.25227928162879	0.15	4	60.0	0	0	;
	351	464	1500.0	824.490244	0.17034922396694216	0.15	4	55.0	0	0	;
	352	130	500.0	115930.436096	18.819875989610388	0.15	4	70.0	0	0	;
	352	378	500.0	33150.326843	6.278470992992425	0.15	4	60.0	0	0	;
	352	469	2000.0	61401.093292	9.303195953333335	0.15	4	75.0	0	0	;
	353	385	500.0	61825.88974	11.709448814393939	0.15	4	60.0	0	0	;
	353	496	500.0	116848.893127	18.96897615698052	0.15	4	70.0	0	0	;
	353	529	2500.0	222155.238647	33.65988464348485	0.15	4	75.0	0	0	;
	354	428	1000.0	83693.274078	12.680799102727272	0.15	4	75.0	0	0	;
	354	429	1000.0	167880.349731	27.25330352775974	0.15	4	70.0	0	0	;
	354	496	750.0	71277.970734	11.571099145129871	0.15	4	70.0	0	0	;
	354	497	1000.0	25333.779144	3.8384513854545452	0.15	4	75.0	0	0	;
	355	177	1500.0	172206.604614	30.106049757692308	0.15	4	65.0	0	0	;
	355	295	3000.0	45506.771393	11.491608937626264	0.15	4	45.0	0	0	;
	355	539	3000.0	6024.831231	1.3692798252272729	0.15	4	50.0	0	0	;
	355	541	2000.0	70152.538605	13.286465644886363	0.15	4	60.0	0	0	;
	356	174	1500.0	83693.61145	17.292068481404957	0.15	4	55.0	0	0	;
	356	294	1000.0	42906.369781	7.501113598076923	0.15	4	65.0	0	0	;
	356	466	1500.0	31257.381363	5.4645771613636365	0.15	4	65.0	0	0	;
	356	467	1000.0	119066.060486	24.600425720247937	0.15	4	55.0	0	0	;
	357	331	3500.0	66077.902679	16.68633906035354	0.15	4	45.0	0	0	;
	357	423	1500.0	7191.661434	1.2572834674825173	0.15	4	65.0	0	0	;
	357	424	2000.0	32615.499344	6.1771779060606065	0.15	4	60.0	0	0	;
	357	547	3000.0	55977.866364	9.786340273426573	0.15	4	65.0	0	0	;
	358	247	2000.0	21897.417984	3.3177906036363636	0.15	4	75.0	0	0	;
	358	377	1000.0	31835.420151	7.2353227615909095	0.15	4	50.0	0	0	;
	359	306	500.0	493.958302	0.11226325045454545	0.15	4	50.0	0	0	;
	359	358	2000.0	130033.988342	26.866526516942148	0.15	4	55.0	0	0	;
	359	493	500.0	107871.428833	17.51159558977273	0.15	4	70.0	0	0	;
	360	446	2000.0	31911.08963	4.83501358030303	0.15	4	75.0	0	0	;
	360	447	1000.0	744.56538	0.15383582231404958	0.15	4	55.0	0	0	;
	361	2	1000.0	62296.855774	12.871251192975208	0.15	4	55.0	0	0	;
	361	222	1000.0	124861.886902	18.918467712424242	0.15	4	75.0	0	0	;
	361	223	500.0	4593.310804	1.7398904560606059	0.15	4	30.0	0	0	;
	362	3	1500.0	22417.433853	3.3965808868181817	0.15	4	75.0	0	0	;
	362	234	1000.0	39746.565399	6.94870024458042	0.15	4	65.0	0	0	;
	362	330	500.0	114493.292542	32.526503563068175	0.15	4	40.0	0	0	;
	363	3	500.0	35648.439331	11.574168613961039	0.15	4	35.0	0	0	;
	363	234	1000.0	1436.441274	0.36273769545454543	0.15	4	45.0	0	0	;
	363	463	500.0	271855.748291	41.19026489257576	0.15	4	75.0	0	0	;
	364	4	1000.0	14152.711601	2.92411396714876	0.15	4	55.0	0	0	;
	364	345	750.0	86050.581665	13.969250270292209	0.15	4	70.0	0	0	;
	364	529	750.0	78946.276245	13.001692398715416	0.15	4	69.0	0	0	;
	365	4	500.0	78040.85083	12.668969290584414	0.15	4	70.0	0	0	;
	365	375	500.0	96456.84082	15.658578055194806	0.15	4	70.0	0	0	;
	365	399	500.0	121381.951904	19.704862322077922	0.15	4	70.0	0	0	;
	366	5	1000.0	29969.852142	4.540886688181819	0.15	4	75.0	0	0	;
	366	218	500.0	123320.037231	18.68485412590909	0.15	4	75.0	0	0	;
	366	336	1000.0	129.496828	0.042044424675324675	0.15	4	35.0	0	0	;
	367	5	500.0	9380.451164	1.4212804793939393	0.15	4	75.0	0	0	;
	367	336	500.0	30249.213638	4.5832141875757575	0.15	4	75.0	0	0	;
	367	337	1000.0	98121.614685	14.86691131590909	0.15	4	75.0	0	0	;
	368	6	500.0	35243.749237	5.339962005606061	0.15	4	75.0	0	0	;
	368	196	500.0	101182.997131	15.330757141060605	0.15	4	75.0	0	0	;
	368	443	500.0	6085.348721	0.9220225334848486	0.15	4	75.0	0	0	;
	369	7	500.0	6127.885265	0.9947865689935064	0.15	4	70.0	0	0	;
	369	60	500.0	112032.160034	18.187038966558443	0.15	4	70.0	0	0	;
	369	281	1000.0	20770.774841	3.1470870971212115	0.15	4	75.0	0	0	;
	369	440	1000.0	100942.637329	15.294338989242425	0.15	4	75.0	0	0	;
	370	8	500.0	54059.247894	8.190795135454547	0.15	4	75.0	0	0	;
	370	299	1000.0	701.14465	0.122577736013986	0.15	4	65.0	0	0	;
	370	300	500.0	1012.609971	0.1770297152097902	0.15	4	65.0	0	0	;
	371	8	500.0	57100.609589	8.651607513484848	0.15	4	75.0	0	0	;
	371	297	500.0	53352.322998	8.083685302727273	0.15	4	75.0	0	0	;
	371	298	1000.0	6014.455318	1.518801847979798	0.15	4	45.0	0	0	;
	372	9	500.0	13143.393288	1.9914232254545452	0.15	4	75.0	0	0	;
	372	260	750.0	70723.573151	10.715692901666667	0.15	4	75.0	0	0	;
	372	262	1000.0	21465.088577	3.2522861480303025	0.15	4	75.0	0	0	;
	373	10	500.0	113887.423096	17.255670166060604	0.15	4	75.0	0	0	;
	373	251	1000.0	6953.770237	1.3170019388257574	0.15	4	60.0	0	0	;
	373	390	750.0	67559.377899	13.958549152685949	0.15	4	55.0	0	0	;
	374	11	500.0	70551.800537	13.36208343503788	0.15	4	60.0	0	0	;
	374	256	1500.0	93313.774109	15.14833995275974	0.15	4	70.0	0	0	;
	374	401	1500.0	26250.083542	4.261377198376623	0.15	4	70.0	0	0	;
	375	12	500.0	740.195439	0.12940479702797203	0.15	4	65.0	0	0	;
	375	269	500.0	13536.038704	2.796702211570248	0.15	4	55.0	0	0	;
	375	365	500.0	96456.84082	15.658578055194806	0.15	4	70.0	0	0	;
	376	12	500.0	12105.694199	1.96521009724026	0.15	4	70.0	0	0	;
	376	269	500.0	283.112968	0.05849441487603307	0.15	4	55.0	0	0	;
	376	335	500.0	147597.78717	25.803808945804192	0.15	4	65.0	0	0	;
	377	13	1000.0	11132.532578	2.108434200378788	0.15	4	60.0	0	0	;
	377	157	500.0	174505.204468	26.440182495151518	0.15	4	75.0	0	0	;
	377	358	1000.0	31835.420151	7.2353227615909095	0.15	4	50.0	0	0	;
	378	16	1000.0	52049.649811	7.886310577424243	0.15	4	75.0	0	0	;
	378	352	500.0	33150.326843	6.278470992992425	0.15	4	60.0	0	0	;
	378	486	500.0	181697.367554	29.496325901623376	0.15	4	70.0	0	0	;
	379	16	500.0	913.690002	0.1384378790909091	0.15	4	75.0	0	0	;
	379	352	2000.0	62400.705872	9.454652404848485	0.15	4	75.0	0	0	;
	380	17	500.0	39455.949783	5.978174209545454	0.15	4	75.0	0	0	;
	380	283	500.0	118779.213867	20.765596829895102	0.15	4	65.0	0	0	;
	380	340	500.0	1567.573171	0.23751108651515151	0.15	4	75.0	0	0	;
	381	17	500.0	2648.859787	0.40134239196969695	0.15	4	75.0	0	0	;
	381	210	500.0	80981.534729	12.26992950439394	0.15	4	75.0	0	0	;
	381	340	500.0	41012.817535	6.214063262878788	0.15	4	75.0	0	0	;
	382	18	500.0	28355.286255	4.957217876748252	0.15	4	65.0	0	0	;
	382	175	2000.0	6162.075005	1.0772858400349647	0.15	4	65.0	0	0	;
	382	549	1000.0	65762.465057	12.455012321401513	0.15	4	60.0	0	0	;
	383	18	500.0	23623.477707	4.88088382376033	0.15	4	55.0	0	0	;
	383	278	1000.0	44134.760742	8.358856201136364	0.15	4	60.0	0	0	;
	383	279	500.0	3782.043285	0.7162960767045455	0.15	4	60.0	0	0	;
	384	19	500.0	10859.594994	1.6453931809090907	0.15	4	75.0	0	0	;
	384	291	1000.0	151740.00824	22.990910339393935	0.15	4	75.0	0	0	;
	384	333	1000.0	11867.573891	1.7981172562121213	0.15	4	75.0	0	0	;
	385	19	500.0	8573.594341	1.4988801295454546	0.15	4	65.0	0	0	;
	385	333	500.0	27854.057465	10.55077934280303	0.15	4	30.0	0	0	;
	385	353	500.0	61825.88974	11.709448814393939	0.15	4	60.0	0	0	;
	386	20	1000.0	6583.551865	1.3602379886363636	0.15	4	55.0	0	0	;
	386	312	1000.0	1221.623383	0.25240152541322314	0.15	4	55.0	0	0	;
	386	313	500.0	21097.64534	4.359017632231405	0.15	4	55.0	0	0	;
	387	20	500.0	20948.047371	4.328108960950413	0.15	4	55.0	0	0	;
	387	313	1000.0	2098.61877	0.31797254090909094	0.15	4	75.0	0	0	;
	387	495	1000.0	141573.796692	21.450575256363635	0.15	4	75.0	0	0	;
	388	21	250.0	18760.734901	3.5531694888257577	0.15	4	60.0	0	0	;
	388	490	2000.0	45502.425842	6.8943069457575765	0.15	4	75.0	0	0	;
	389	22	500.0	1227.697728	0.25365655537190085	0.15	4	55.0	0	0	;
	389	103	500.0	33070.744858	5.010718917878788	0.15	4	75.0	0	0	;
	389	433	500.0	215116.292725	34.92147609172078	0.15	4	70.0	0	0	;
	389	506	500.0	260833.498535	53.89121870557852	0.15	4	55.0	0	0	;
	390	23	500.0	155312.836304	32.08942898842976	0.15	4	55.0	0	0	;
	390	373	750.0	67559.377899	13.958549152685949	0.15	4	55.0	0	0	;
	390	472	500.0	42176.992035	6.8469142913961045	0.15	4	70.0	0	0	;
	391	24	1000.0	121440.201416	18.400030517575757	0.15	4	75.0	0	0	;
	391	120	500.0	63013.222046	10.22941916331169	0.15	4	70.0	0	0	;
	391	121	750.0	3622.512989	0.7484530969008265	0.15	4	55.0	0	0	;
	392	24	750.0	6630.200443	1.369876124586777	0.15	4	55.0	0	0	;
	392	95	500.0	120799.688416	18.30298309333333	0.15	4	75.0	0	0	;
	392	121	500.0	141586.687317	21.45252838136364	0.15	4	75.0	0	0	;
	392	493	500.0	126929.593506	19.231756591818183	0.15	4	75.0	0	0	;
	393	26	500.0	2550.005593	0.4139619469155844	0.15	4	70.0	0	0	;
	393	293	1000.0	70868.522186	13.422068595833334	0.15	4	60.0	0	0	;
	393	305	1000.0	16141.070366	2.6203036308441554	0.15	4	70.0	0	0	;
	394	27	1000.0	105512.817078	21.800168817768593	0.15	4	55.0	0	0	;
	394	224	1000.0	31718.961411	8.009838740151515	0.15	4	45.0	0	0	;
	394	334	1000.0	69808.01651	11.332470212662338	0.15	4	70.0	0	0	;
	395	28	500.0	14288.377876	2.9521441892561984	0.15	4	55.0	0	0	;
	395	219	500.0	138687.696533	21.013287353484852	0.15	4	75.0	0	0	;
	395	338	1000.0	61718.49472	9.351287078787879	0.15	4	75.0	0	0	;
	396	29	500.0	87211.452942	18.018895235950414	0.15	4	55.0	0	0	;
	396	415	500.0	65011.233673	10.553771700162336	0.15	4	70.0	0	0	;
	396	447	500.0	11508.743706	3.269529461931818	0.15	4	40.0	0	0	;
	397	29	500.0	61539.380493	9.990159170941558	0.15	4	70.0	0	0	;
	397	360	2000.0	86890.627441	15.190669133041958	0.15	4	65.0	0	0	;
	398	30	500.0	29364.118652	4.449108886666666	0.15	4	75.0	0	0	;
	398	228	500.0	9460.67831	1.9546856012396694	0.15	4	55.0	0	0	;
	398	229	500.0	17416.282997	2.638830757121212	0.15	4	75.0	0	0	;
	399	31	500.0	119655.242615	19.424552372564932	0.15	4	70.0	0	0	;
	399	344	500.0	5029.298429	0.8164445501623377	0.15	4	70.0	0	0	;
	399	365	500.0	121381.951904	19.704862322077922	0.15	4	70.0	0	0	;
	400	31	500.0	11560.053177	2.3884407390495865	0.15	4	55.0	0	0	;
	400	225	500.0	14073.871078	2.9078246028925623	0.15	4	55.0	0	0	;
	400	344	750.0	120979.985962	24.99586486818182	0.15	4	55.0	0	0	;
	401	32	500.0	36554.881897	7.552661548966943	0.15	4	55.0	0	0	;
	401	374	1500.0	26250.083542	4.261377198376623	0.15	4	70.0	0	0	;
	401	438	1000.0	138115.604553	20.926606750454546	0.15	4	75.0	0	0	;
	402	32	500.0	11148.514938	2.3034121772727274	0.15	4	55.0	0	0	;
	402	255	1000.0	112027.467041	18.186277117045453	0.15	4	70.0	0	0	;
	402	439	500.0	106711.977539	17.32337297711039	0.15	4	70.0	0	0	;
	403	33	500.0	6310.31908	0.9561089515151515	0.15	4	75.0	0	0	;
	403	138	500.0	65339.632416	10.607083184415584	0.15	4	70.0	0	0	;
	403	201	500.0	49539.729309	8.042163848863638	0.15	4	70.0	0	0	;
	404	34	500.0	58943.364716	9.568728038311688	0.15	4	70.0	0	0	;
	404	39	500.0	40341.608734	8.335043126859505	0.15	4	55.0	0	0	;
	404	410	500.0	32318.924332	6.677463704958678	0.15	4	55.0	0	0	;
	404	472	1000.0	83618.634338	13.574453626298704	0.15	4	70.0	0	0	;
	405	35	1000.0	24728.48877	5.1091918946281	0.15	4	55.0	0	0	;
	405	181	1000.0	14364.037285	2.3318242345779225	0.15	4	70.0	0	0	;
	405	520	1000.0	38776.062469	6.294815335876622	0.15	4	70.0	0	0	;
	406	37	1000.0	65411.240845	9.910794067424241	0.15	4	75.0	0	0	;
	406	471	500.0	72910.704346	15.064195112809916	0.15	4	55.0	0	0	;
	406	499	500.0	145710.46875	23.654296875	0.15	4	70.0	0	0	;
	407	37	500.0	92401.188354	19.09115461859504	0.15	4	55.0	0	0	;
	407	179	1000.0	26883.368225	4.073237609848484	0.15	4	75.0	0	0	;
	407	517	1000.0	74307.589874	11.258725738484848	0.15	4	75.0	0	0	;
	408	38	1000.0	15678.56884	3.2393737272727274	0.15	4	55.0	0	0	;
	408	271	1000.0	72505.36972	14.9804482892562	0.15	4	55.0	0	0	;
	408	272	1000.0	61444.543762	10.742053105244755	0.15	4	65.0	0	0	;
	409	38	1000.0	57578.816528	18.694420950649352	0.15	4	35.0	0	0	;
	409	272	1000.0	1805.40772	0.5861713376623376	0.15	4	35.0	0	0	;
	409	529	1000.0	18826.810684	3.5656838416666665	0.15	4	60.0	0	0	;
	410	39	500.0	12649.109573	2.3956646918560605	0.15	4	60.0	0	0	;
	410	71	1000.0	61948.038483	12.799181504752065	0.15	4	55.0	0	0	;
	410	99	1000.0	91306.885071	18.86505889896694	0.15	4	55.0	0	0	;
	410	404	500.0	32318.924332	6.677463704958678	0.15	4	55.0	0	0	;
	410	457	1000.0	90529.268188	14.696309770779221	0.15	4	70.0	0	0	;
	411	41	1000.0	105218.236084	17.080882481168832	0.15	4	70.0	0	0	;
	411	268	1000.0	95091.089172	14.407740783636365	0.15	4	75.0	0	0	;
	411	430	1000.0	144230.715637	21.853138732878786	0.15	4	75.0	0	0	;
	412	42	1000.0	15018.631783	2.2755502701515153	0.15	4	75.0	0	0	;
	412	307	1000.0	24851.277008	5.134561365289255	0.15	4	55.0	0	0	;
	412	308	1000.0	5071.920261	1.0479174092975208	0.15	4	55.0	0	0	;
	413	42	500.0	6408.100891	0.9709243774242424	0.15	4	75.0	0	0	;
	413	222	500.0	3126.882935	0.4737701416666667	0.15	4	75.0	0	0	;
	413	308	1000.0	15110.237045	2.2894298553030303	0.15	4	75.0	0	0	;
	414	43	500.0	12039.970894	3.420446276704545	0.15	4	40.0	0	0	;
	414	157	500.0	51087.329407	10.555233348553719	0.15	4	55.0	0	0	;
	414	465	500.0	163419.055481	24.760462951666668	0.15	4	75.0	0	0	;
	415	43	500.0	156955.343628	23.781112670909092	0.15	4	75.0	0	0	;
	415	396	500.0	65011.233673	10.553771700162336	0.15	4	70.0	0	0	;
	415	461	500.0	150633.458862	26.33452078006993	0.15	4	65.0	0	0	;
	416	44	500.0	21078.063927	3.193646049545454	0.15	4	75.0	0	0	;
	416	453	1000.0	126036.817017	19.09648742681818	0.15	4	75.0	0	0	;
	416	470	1000.0	79240.333557	12.006111145000002	0.15	4	75.0	0	0	;
	417	44	500.0	158229.118652	23.974108886666667	0.15	4	75.0	0	0	;
	417	325	500.0	24985.218658	4.056041989935065	0.15	4	70.0	0	0	;
	417	486	500.0	27839.81987	4.519451277597403	0.15	4	70.0	0	0	;
	418	45	500.0	3773.541012	1.4293715954545454	0.15	4	30.0	0	0	;
	418	193	500.0	55303.888092	8.379376983636364	0.15	4	75.0	0	0	;
	418	488	500.0	71959.225159	10.902912902878786	0.15	4	75.0	0	0	;
	419	46	1000.0	5553.526726	1.1474228772727275	0.15	4	55.0	0	0	;
	419	439	1000.0	95262.796326	14.433757019090908	0.15	4	75.0	0	0	;
	419	509	500.0	115824.642334	21.936485290530303	0.15	4	60.0	0	0	;
	420	46	500.0	100168.686218	16.261150360064935	0.15	4	70.0	0	0	;
	420	324	500.0	160457.827148	26.048348562987016	0.15	4	70.0	0	0	;
	420	510	500.0	115249.186707	18.70928355633117	0.15	4	70.0	0	0	;
	421	47	1000.0	4096.014977	1.0343472164141414	0.15	4	45.0	0	0	;
	421	68	1000.0	138294.210205	20.95366821287879	0.15	4	75.0	0	0	;
	421	452	2000.0	137104.022827	20.773336791969697	0.15	4	75.0	0	0	;
	421	512	1500.0	164465.180054	24.918966674848484	0.15	4	75.0	0	0	;
	422	48	1000.0	26894.788513	5.556774486157026	0.15	4	55.0	0	0	;
	422	238	1000.0	3560.322647	0.8091642379545454	0.15	4	50.0	0	0	;
	422	351	1000.0	133332.034607	25.25227928162879	0.15	4	60.0	0	0	;
	423	49	1500.0	29605.452805	7.47612444570707	0.15	4	45.0	0	0	;
	423	349	2000.0	30325.865021	5.301724654020979	0.15	4	65.0	0	0	;
	423	357	1500.0	7191.661434	1.2572834674825173	0.15	4	65.0	0	0	;
	424	49	1000.0	2375.151157	0.449839234280303	0.15	4	60.0	0	0	;
	424	357	2000.0	32615.499344	6.1771779060606065	0.15	4	60.0	0	0	;
	424	541	2000.0	46899.840088	8.88254547121212	0.15	4	60.0	0	0	;
	425	50	1000.0	21063.901863	6.838929176298701	0.15	4	35.0	0	0	;
	425	327	2000.0	24145.751953	4.221285306468531	0.15	4	65.0	0	0	;
	426	51	1000.0	1813.829112	0.3747580809917355	0.15	4	55.0	0	0	;
	426	334	1000.0	5942.861366	1.5007225671717173	0.15	4	45.0	0	0	;
	426	344	500.0	133241.921082	25.23521232613636	0.15	4	60.0	0	0	;
	427	51	500.0	98250.228882	20.299634066528924	0.15	4	55.0	0	0	;
	427	220	1000.0	43383.876801	7.04283714301948	0.15	4	70.0	0	0	;
	427	477	500.0	47593.023376	7.726140158441558	0.15	4	70.0	0	0	;
	428	52	500.0	131814.093018	19.97183227545455	0.15	4	75.0	0	0	;
	428	307	1000.0	37306.010056	5.652425766060606	0.15	4	75.0	0	0	;
	428	354	1000.0	83693.274078	12.680799102727272	0.15	4	75.0	0	0	;
	429	52	500.0	279.647176	0.057778342148760334	0.15	4	55.0	0	0	;
	429	227	1000.0	118706.663818	19.270562308116883	0.15	4	70.0	0	0	;
	429	354	1000.0	167880.349731	27.25330352775974	0.15	4	70.0	0	0	;
	430	53	1000.0	4765.33267	0.7220201015151515	0.15	4	75.0	0	0	;
	430	411	1000.0	144230.715637	21.853138732878786	0.15	4	75.0	0	0	;
	430	481	1000.0	188944.033813	28.627883911060604	0.15	4	75.0	0	0	;
	431	54	500.0	7380.172348	1.1182079315151514	0.15	4	75.0	0	0	;
	431	148	500.0	25836.931458	4.516946059090909	0.15	4	65.0	0	0	;
	431	229	500.0	138061.343079	20.918385315000005	0.15	4	75.0	0	0	;
	432	54	500.0	138464.336243	22.477976662824677	0.15	4	70.0	0	0	;
	432	151	500.0	240878.388062	39.10363442564935	0.15	4	70.0	0	0	;
	432	152	1000.0	16710.667305	3.452617211776859	0.15	4	55.0	0	0	;
	433	55	1000.0	1506.742859	0.24460111347402597	0.15	4	70.0	0	0	;
	433	389	500.0	215116.292725	34.92147609172078	0.15	4	70.0	0	0	;
	433	532	1000.0	3042.828569	0.4939656767857143	0.15	4	70.0	0	0	;
	434	55	500.0	2857.765646	0.5904474475206611	0.15	4	55.0	0	0	;
	434	235	500.0	13538.193855	2.7971474907024794	0.15	4	55.0	0	0	;
	434	532	500.0	1106.374869	0.22858984896694212	0.15	4	55.0	0	0	;
	435	56	1000.0	17103.185577	2.591391754090909	0.15	4	75.0	0	0	;
	435	73	1000.0	90349.786377	13.689361572272727	0.15	4	75.0	0	0	;
	435	460	500.0	101158.70636	15.327076721212121	0.15	4	75.0	0	0	;
	435	517	1000.0	57923.670959	8.776313781666667	0.15	4	75.0	0	0	;
	436	57	500.0	46666.806793	8.158532656118881	0.15	4	65.0	0	0	;
	436	87	1500.0	38342.919846	7.2619166375	0.15	4	60.0	0	0	;
	436	178	1500.0	110768.757935	17.981941223214285	0.15	4	70.0	0	0	;
	437	58	500.0	40610.343018	5.768514633238636	0.15	4	80.0	0	0	;
	437	277	1000.0	202461.989136	35.39545264615384	0.15	4	65.0	0	0	;
	437	288	1000.0	36584.60083	6.928901672348485	0.15	4	60.0	0	0	;
	438	59	500.0	2378.034554	0.36030826575757574	0.15	4	75.0	0	0	;
	438	258	1000.0	143952.05658	21.810917663636367	0.15	4	75.0	0	0	;
	438	401	1000.0	138115.604553	20.926606750454546	0.15	4	75.0	0	0	;
	439	59	500.0	104978.540955	17.04197093425325	0.15	4	70.0	0	0	;
	439	402	500.0	106711.977539	17.32337297711039	0.15	4	70.0	0	0	;
	439	419	1000.0	95262.796326	14.433757019090908	0.15	4	75.0	0	0	;
	440	60	500.0	58235.332031	9.453787667370129	0.15	4	70.0	0	0	;
	440	369	1000.0	100942.637329	15.294338989242425	0.15	4	75.0	0	0	;
	440	520	1000.0	129118.441772	19.563400268484852	0.15	4	75.0	0	0	;
	441	61	750.0	7290.626564	1.1046403884848486	0.15	4	75.0	0	0	;
	441	324	750.0	9020.999737	1.366818141969697	0.15	4	75.0	0	0	;
	442	62	500.0	25119.897995	3.806045150757576	0.15	4	75.0	0	0	;
	442	519	1000.0	180461.841431	27.342703247121214	0.15	4	75.0	0	0	;
	443	62	500.0	120482.276917	18.254890441969696	0.15	4	75.0	0	0	;
	443	368	500.0	6085.348721	0.9220225334848486	0.15	4	75.0	0	0	;
	443	479	500.0	124533.266602	21.771550105244756	0.15	4	65.0	0	0	;
	444	63	500.0	132083.597717	21.44214248652597	0.15	4	70.0	0	0	;
	444	457	1000.0	64065.872498	13.236750516115702	0.15	4	55.0	0	0	;
	444	500	1000.0	25374.339294	5.24263208553719	0.15	4	55.0	0	0	;
	445	63	500.0	115688.706665	18.780634198863638	0.15	4	70.0	0	0	;
	445	258	1000.0	687.255049	0.10412955287878786	0.15	4	75.0	0	0	;
	445	528	1000.0	79328.055267	12.01940231318182	0.15	4	75.0	0	0	;
	446	64	500.0	14529.651604	2.2014623642424245	0.15	4	75.0	0	0	;
	446	359	2000.0	72804.653778	11.031008148181819	0.15	4	75.0	0	0	;
	447	64	500.0	38555.683136	5.841770172121212	0.15	4	75.0	0	0	;
	447	360	1000.0	744.56538	0.15383582231404958	0.15	4	55.0	0	0	;
	447	396	500.0	11508.743706	3.269529461931818	0.15	4	40.0	0	0	;
	448	65	1000.0	2674.846544	0.40527977939393944	0.15	4	75.0	0	0	;
	448	277	1000.0	135820.39856	20.578848266666668	0.15	4	75.0	0	0	;
	448	332	1000.0	49264.917297	8.612747779195804	0.15	4	65.0	0	0	;
	449	65	1000.0	45563.9534	6.903629303030303	0.15	4	75.0	0	0	;
	449	180	2000.0	246517.895508	43.09753417972027	0.15	4	65.0	0	0	;
	449	332	1000.0	7612.031136	1.572733705785124	0.15	4	55.0	0	0	;
	450	66	500.0	3025.592709	0.4911676475649351	0.15	4	70.0	0	0	;
	450	247	1000.0	238265.2771	36.100799560606056	0.15	4	75.0	0	0	;
	450	321	1000.0	57493.557129	9.3333696637987	0.15	4	70.0	0	0	;
	451	67	500.0	29782.834854	6.153478275619834	0.15	4	55.0	0	0	;
	451	329	500.0	35377.023697	5.36015510560606	0.15	4	75.0	0	0	;
	451	462	500.0	259353.010254	39.29591064454545	0.15	4	75.0	0	0	;
	452	68	500.0	10970.37632	1.7809052467532465	0.15	4	70.0	0	0	;
	452	379	2000.0	121087.965088	18.3466613769697	0.15	4	75.0	0	0	;
	453	69	500.0	117536.295776	19.080567496103896	0.15	4	70.0	0	0	;
	453	325	1000.0	41533.223648	6.2929126739393935	0.15	4	75.0	0	0	;
	453	416	1000.0	126036.817017	19.09648742681818	0.15	4	75.0	0	0	;
	454	69	500.0	39418.695374	6.399138859415585	0.15	4	70.0	0	0	;
	454	277	500.0	20444.669724	3.31893989025974	0.15	4	70.0	0	0	;
	454	489	1000.0	46691.016998	10.611594772272726	0.15	4	50.0	0	0	;
	455	70	1000.0	13306.711464	2.749320550413223	0.15	4	55.0	0	0	;
	455	204	750.0	16318.026924	3.090535402272727	0.15	4	60.0	0	0	;
	455	266	1500.0	17793.181458	3.110696059090909	0.15	4	65.0	0	0	;
	456	70	500.0	8420.610695	1.366982255681818	0.15	4	70.0	0	0	;
	456	203	500.0	30044.167099	4.877299853733766	0.15	4	70.0	0	0	;
	456	204	1000.0	27513.173447	6.9477710724747475	0.15	4	45.0	0	0	;
	457	71	1000.0	4731.753788	0.9776350801652893	0.15	4	55.0	0	0	;
	457	410	1000.0	90529.268188	14.696309770779221	0.15	4	70.0	0	0	;
	457	444	1000.0	64065.872498	13.236750516115702	0.15	4	55.0	0	0	;
	458	72	500.0	6558.228207	1.355005827892562	0.15	4	55.0	0	0	;
	458	129	1000.0	7576.979084	1.5654915462809915	0.15	4	55.0	0	0	;
	458	130	500.0	112019.803162	18.185032980844156	0.15	4	70.0	0	0	;
	459	72	500.0	7095.173721	1.1518139157467533	0.15	4	70.0	0	0	;
	459	441	3000.0	164185.805969	24.876637268030304	0.15	4	75.0	0	0	;
	460	73	1000.0	2362.14519	0.35790078636363637	0.15	4	75.0	0	0	;
	460	312	1000.0	91012.948608	14.774829319480522	0.15	4	70.0	0	0	;
	460	435	500.0	101158.70636	15.327076721212121	0.15	4	75.0	0	0	;
	461	74	500.0	23138.070145	5.258652305681818	0.15	4	50.0	0	0	;
	461	239	500.0	39859.544678	9.058987426818181	0.15	4	50.0	0	0	;
	461	415	500.0	150633.458862	26.33452078006993	0.15	4	65.0	0	0	;
	462	75	500.0	26034.389648	3.944604492121212	0.15	4	75.0	0	0	;
	462	330	1000.0	129025.881042	20.945759909415585	0.15	4	70.0	0	0	;
	462	451	500.0	259353.010254	39.29591064454545	0.15	4	75.0	0	0	;
	463	75	500.0	62371.933594	9.45029296878788	0.15	4	75.0	0	0	;
	463	363	500.0	271855.748291	41.19026489257576	0.15	4	75.0	0	0	;
	463	506	500.0	26852.853699	4.0686141968181815	0.15	4	75.0	0	0	;
	464	76	1000.0	114130.149536	19.952823345454547	0.15	4	65.0	0	0	;
	464	295	1000.0	41042.40312	7.175245300699301	0.15	4	65.0	0	0	;
	464	351	1500.0	824.490244	0.17034922396694216	0.15	4	55.0	0	0	;
	465	77	500.0	28105.52536	4.913553384615384	0.15	4	65.0	0	0	;
	465	236	500.0	67528.470612	11.80567668041958	0.15	4	65.0	0	0	;
	465	414	500.0	163419.055481	24.760462951666668	0.15	4	75.0	0	0	;
	466	78	500.0	110487.430115	22.827981428719003	0.15	4	55.0	0	0	;
	466	284	1000.0	128924.387512	22.539228586013987	0.15	4	65.0	0	0	;
	466	356	1500.0	31257.381363	5.4645771613636365	0.15	4	65.0	0	0	;
	467	78	500.0	6055.641117	1.058678516958042	0.15	4	65.0	0	0	;
	467	134	1000.0	39709.809494	6.9422743870629375	0.15	4	65.0	0	0	;
	467	356	1000.0	119066.060486	24.600425720247937	0.15	4	55.0	0	0	;
	468	79	500.0	120817.533875	21.121946481643356	0.15	4	65.0	0	0	;
	468	271	1000.0	18098.981323	2.419649909491979	0.15	4	85.0	0	0	;
	468	273	1000.0	49088.023682	8.581822322027971	0.15	4	65.0	0	0	;
	469	80	500.0	133880.873108	21.733907972077926	0.15	4	70.0	0	0	;
	469	459	2000.0	34635.926056	5.247867584242424	0.15	4	75.0	0	0	;
	470	80	500.0	110136.895752	17.879366193506495	0.15	4	70.0	0	0	;
	470	91	500.0	145048.484802	23.54683194837662	0.15	4	70.0	0	0	;
	470	280	500.0	52618.816223	7.972547912575758	0.15	4	75.0	0	0	;
	470	416	1000.0	79240.333557	12.006111145000002	0.15	4	75.0	0	0	;
	471	81	500.0	109759.774475	17.818145206980518	0.15	4	70.0	0	0	;
	471	249	500.0	6614.243889	1.3665793159090909	0.15	4	55.0	0	0	;
	471	406	500.0	72910.704346	15.064195112809916	0.15	4	55.0	0	0	;
	472	81	500.0	74166.034698	15.32356088801653	0.15	4	55.0	0	0	;
	472	390	500.0	42176.992035	6.8469142913961045	0.15	4	70.0	0	0	;
	472	404	1000.0	83618.634338	13.574453626298704	0.15	4	70.0	0	0	;
	473	82	500.0	59872.693176	9.719593048051948	0.15	4	70.0	0	0	;
	473	151	1000.0	55122.855377	8.948515483279222	0.15	4	70.0	0	0	;
	473	346	500.0	25971.366577	4.216130937824675	0.15	4	70.0	0	0	;
	474	83	500.0	24530.982742	3.7168155669696974	0.15	4	75.0	0	0	;
	474	261	2500.0	67153.74115	10.174809265151515	0.15	4	75.0	0	0	;
	475	83	500.0	1746.571584	0.36086189752066117	0.15	4	55.0	0	0	;
	475	283	500.0	45190.875549	7.336181095616883	0.15	4	70.0	0	0	;
	475	343	1000.0	120959.038696	18.327127075151516	0.15	4	75.0	0	0	;
	476	84	500.0	3924.665022	0.6371209451298702	0.15	4	70.0	0	0	;
	476	208	1000.0	162458.35144	33.56577509090909	0.15	4	55.0	0	0	;
	476	340	500.0	157660.672302	25.594264984090906	0.15	4	70.0	0	0	;
	477	85	500.0	32277.457809	5.2398470469155844	0.15	4	70.0	0	0	;
	477	344	500.0	25641.948166	4.162653923051948	0.15	4	70.0	0	0	;
	477	427	500.0	47593.023376	7.726140158441558	0.15	4	70.0	0	0	;
	478	85	500.0	23695.003052	4.142483051048951	0.15	4	65.0	0	0	;
	478	214	500.0	108718.181763	17.649055481006492	0.15	4	70.0	0	0	;
	478	225	1000.0	130005.044861	22.728154695979022	0.15	4	65.0	0	0	;
	479	86	500.0	78939.025269	16.30971596466942	0.15	4	55.0	0	0	;
	479	197	500.0	13644.121056	3.445485115151515	0.15	4	45.0	0	0	;
	479	443	500.0	124533.266602	21.771550105244756	0.15	4	65.0	0	0	;
	480	86	500.0	70357.172241	14.536605834917353	0.15	4	55.0	0	0	;
	480	188	1000.0	141853.331909	24.799533550524476	0.15	4	65.0	0	0	;
	480	516	500.0	294866.380005	51.55006643444055	0.15	4	65.0	0	0	;
	481	88	500.0	54569.278564	8.858649117532467	0.15	4	70.0	0	0	;
	481	164	1000.0	129055.881958	19.553921508787877	0.15	4	75.0	0	0	;
	481	430	1000.0	188944.033813	28.627883911060604	0.15	4	75.0	0	0	;
	482	88	500.0	123432.377014	20.037723541233767	0.15	4	70.0	0	0	;
	482	164	500.0	40772.344437	6.618887083928571	0.15	4	70.0	0	0	;
	482	165	500.0	192141.049805	31.191728864448045	0.15	4	70.0	0	0	;
	483	89	500.0	90081.913147	14.623687199188312	0.15	4	70.0	0	0	;
	483	388	2000.0	64023.499603	12.125662803598484	0.15	4	60.0	0	0	;
	484	89	500.0	48822.658081	7.397372436515151	0.15	4	75.0	0	0	;
	484	148	2500.0	93166.669922	14.11616210939394	0.15	4	75.0	0	0	;
	485	90	500.0	288.409029	0.05958864235537189	0.15	4	55.0	0	0	;
	485	111	1000.0	4591.933622	0.9487466161157024	0.15	4	55.0	0	0	;
	485	525	750.0	33840.310135	8.545532862373737	0.15	4	45.0	0	0	;
	486	91	500.0	5458.307934	1.0337704420454545	0.15	4	60.0	0	0	;
	486	378	500.0	181697.367554	29.496325901623376	0.15	4	70.0	0	0	;
	486	417	500.0	27839.81987	4.519451277597403	0.15	4	70.0	0	0	;
	487	92	500.0	140034.152527	21.217295837424242	0.15	4	75.0	0	0	;
	487	198	500.0	20033.543129	3.794231653219698	0.15	4	60.0	0	0	;
	488	92	500.0	150643.408813	22.824758911060606	0.15	4	75.0	0	0	;
	488	191	500.0	251.97889	0.038178619696969694	0.15	4	75.0	0	0	;
	488	418	500.0	71959.225159	10.902912902878786	0.15	4	75.0	0	0	;
	489	93	500.0	103887.50061	16.86485399512987	0.15	4	70.0	0	0	;
	489	326	500.0	80818.261871	13.119847706331168	0.15	4	70.0	0	0	;
	489	454	1000.0	46691.016998	10.611594772272726	0.15	4	50.0	0	0	;
	490	93	1000.0	112242.12616	18.221124376623376	0.15	4	70.0	0	0	;
	490	332	1000.0	125619.442749	19.033248901363635	0.15	4	75.0	0	0	;
	491	94	500.0	2204.023075	0.3339428901515152	0.15	4	75.0	0	0	;
	491	146	500.0	154762.094421	31.97563934318181	0.15	4	55.0	0	0	;
	491	215	1000.0	155164.040222	23.509703063939394	0.15	4	75.0	0	0	;
	492	94	500.0	82649.143524	12.522597503636362	0.15	4	75.0	0	0	;
	492	474	2500.0	64824.571381	9.821904754696972	0.15	4	75.0	0	0	;
	493	95	500.0	8805.281925	1.3341336249999998	0.15	4	75.0	0	0	;
	493	359	500.0	107871.428833	17.51159558977273	0.15	4	70.0	0	0	;
	493	392	500.0	126929.593506	19.231756591818183	0.15	4	75.0	0	0	;
	494	96	1000.0	38990.416946	8.86145839681818	0.15	4	50.0	0	0	;
	494	252	1000.0	7134.512157	1.474072759710744	0.15	4	55.0	0	0	;
	494	253	500.0	9465.338573	1.955648465495868	0.15	4	55.0	0	0	;
	495	96	1000.0	16537.28714	2.8911341153846157	0.15	4	65.0	0	0	;
	495	124	1000.0	3875.247602	0.5871587275757575	0.15	4	75.0	0	0	;
	495	387	1000.0	141573.796692	21.450575256363635	0.15	4	75.0	0	0	;
	496	97	500.0	9499.522648	1.5421303000000002	0.15	4	70.0	0	0	;
	496	353	500.0	116848.893127	18.96897615698052	0.15	4	70.0	0	0	;
	496	354	750.0	71277.970734	11.571099145129871	0.15	4	70.0	0	0	;
	497	97	750.0	65929.816589	10.70289230340909	0.15	4	70.0	0	0	;
	497	345	500.0	89825.581055	34.02484130871212	0.15	4	30.0	0	0	;
	497	354	1000.0	25333.779144	3.8384513854545452	0.15	4	75.0	0	0	;
	498	98	500.0	2836.531363	0.4297774792424242	0.15	4	75.0	0	0	;
	498	146	500.0	160078.862915	25.986828395292207	0.15	4	70.0	0	0	;
	498	335	500.0	12148.229485	2.1238163435314688	0.15	4	65.0	0	0	;
	499	99	1000.0	10092.208157	2.0851669745867767	0.15	4	55.0	0	0	;
	499	406	500.0	145710.46875	23.654296875	0.15	4	70.0	0	0	;
	499	501	1000.0	152566.861267	31.52207877417355	0.15	4	55.0	0	0	;
	500	100	1000.0	325.696464	0.06729265785123967	0.15	4	55.0	0	0	;
	500	252	1000.0	72883.271484	11.831699916233765	0.15	4	70.0	0	0	;
	500	444	1000.0	25374.339294	5.24263208553719	0.15	4	55.0	0	0	;
	501	100	500.0	58938.394775	11.162574767992425	0.15	4	60.0	0	0	;
	501	250	1000.0	102292.890015	21.13489463119835	0.15	4	55.0	0	0	;
	501	499	1000.0	152566.861267	31.52207877417355	0.15	4	55.0	0	0	;
	502	101	500.0	4004.855661	0.6067963122727273	0.15	4	75.0	0	0	;
	502	275	1000.0	52535.52063	7.959927368181818	0.15	4	75.0	0	0	;
	502	337	1000.0	15196.514854	2.302502250606061	0.15	4	75.0	0	0	;
	503	101	500.0	49615.496979	7.517499542272727	0.15	4	75.0	0	0	;
	503	492	2500.0	146255.309143	22.15989532469697	0.15	4	75.0	0	0	;
	504	102	500.0	1920.209184	0.2909407854545455	0.15	4	75.0	0	0	;
	504	165	500.0	178451.387329	27.038088989242425	0.15	4	75.0	0	0	;
	504	166	500.0	124878.302307	18.920954895	0.15	4	75.0	0	0	;
	505	102	500.0	66323.237457	10.048975372272727	0.15	4	75.0	0	0	;
	505	264	1000.0	77906.662445	13.620045881993006	0.15	4	65.0	0	0	;
	505	265	500.0	202374.776001	30.662844848636357	0.15	4	75.0	0	0	;
	506	103	500.0	15761.452789	2.3880989074242427	0.15	4	75.0	0	0	;
	506	389	500.0	260833.498535	53.89121870557852	0.15	4	55.0	0	0	;
	506	463	500.0	26852.853699	4.0686141968181815	0.15	4	75.0	0	0	;
	507	104	1000.0	926.503286	0.16197609895104897	0.15	4	65.0	0	0	;
	507	156	1000.0	116288.432922	24.026535727685953	0.15	4	55.0	0	0	;
	507	314	1000.0	4719.993296	0.9752052264462808	0.15	4	55.0	0	0	;
	508	104	1000.0	4784.646263	0.8364766194055944	0.15	4	65.0	0	0	;
	508	314	1000.0	497.741697	0.0870177791958042	0.15	4	65.0	0	0	;
	508	316	1000.0	11274.260216	1.708221244848485	0.15	4	75.0	0	0	;
	509	105	500.0	95321.972351	15.474346160876625	0.15	4	70.0	0	0	;
	509	320	500.0	99764.675903	16.195564269967534	0.15	4	70.0	0	0	;
	509	419	500.0	115824.642334	21.936485290530303	0.15	4	60.0	0	0	;
	510	105	1000.0	10427.968655	1.6928520543831171	0.15	4	70.0	0	0	;
	510	172	1000.0	8595.801716	1.5027625377622378	0.15	4	65.0	0	0	;
	510	420	500.0	115249.186707	18.70928355633117	0.15	4	70.0	0	0	;
	511	106	1000.0	8086.310463	3.0629963875	0.15	4	30.0	0	0	;
	511	160	500.0	61872.4823	12.783570723140494	0.15	4	55.0	0	0	;
	511	161	500.0	59223.710632	12.236303849586777	0.15	4	55.0	0	0	;
	512	107	1000.0	11028.429451	2.27860112623967	0.15	4	55.0	0	0	;
	512	421	1500.0	164465.180054	24.918966674848484	0.15	4	75.0	0	0	;
	512	535	2500.0	75043.37265	13.119470743006993	0.15	4	65.0	0	0	;
	513	107	500.0	104979.094849	21.68989562995868	0.15	4	55.0	0	0	;
	513	171	1500.0	47440.163727	8.293734917307692	0.15	4	65.0	0	0	;
	513	534	2000.0	11908.33168	2.0818761678321676	0.15	4	65.0	0	0	;
	514	108	1000.0	5311.345997	1.5089051127840911	0.15	4	40.0	0	0	;
	514	202	1000.0	6567.454319	2.1322903633116885	0.15	4	35.0	0	0	;
	514	339	1000.0	6883.652916	1.4222423380165288	0.15	4	55.0	0	0	;
	515	108	500.0	5002.457857	0.7579481601515151	0.15	4	75.0	0	0	;
	515	199	1000.0	65127.888794	9.867861938484848	0.15	4	75.0	0	0	;
	515	339	1000.0	11302.953186	1.7125686645454548	0.15	4	75.0	0	0	;
	516	109	500.0	47302.420349	7.167033386212121	0.15	4	75.0	0	0	;
	516	264	500.0	244002.491455	36.970074462878785	0.15	4	75.0	0	0	;
	516	480	500.0	294866.380005	51.55006643444055	0.15	4	65.0	0	0	;
	517	237	500.0	12175.788231	2.515658725413223	0.15	4	55.0	0	0	;
	517	407	1000.0	74307.589874	11.258725738484848	0.15	4	75.0	0	0	;
	517	435	1000.0	57923.670959	8.776313781666667	0.15	4	75.0	0	0	;
	518	196	500.0	177726.329956	26.928231811515147	0.15	4	75.0	0	0	;
	518	263	1000.0	533.88167	0.2022279053030303	0.15	4	30.0	0	0	;
	518	442	1000.0	67125.633545	10.170550537121212	0.15	4	75.0	0	0	;
	519	190	500.0	153.626525	0.02327674621212121	0.15	4	75.0	0	0	;
	519	193	500.0	124082.004089	18.800303649848484	0.15	4	75.0	0	0	;
	519	262	2000.0	39375.164337	5.965933990454546	0.15	4	75.0	0	0	;
	520	405	1000.0	38776.062469	6.294815335876622	0.15	4	70.0	0	0	;
	520	440	1000.0	129118.441772	19.563400268484852	0.15	4	75.0	0	0	;
	520	483	2000.0	52768.357544	8.56629180909091	0.15	4	70.0	0	0	;
	521	158	500.0	10763.561096	1.88174145034965	0.15	4	65.0	0	0	;
	521	285	500.0	361.905988	0.06854280075757575	0.15	4	60.0	0	0	;
	521	286	500.0	205713.911133	33.39511544366882	0.15	4	70.0	0	0	;
	522	136	1000.0	482.886479	0.09145577253787879	0.15	4	60.0	0	0	;
	522	160	1000.0	101053.647766	17.666721637412586	0.15	4	65.0	0	0	;
	522	161	3000.0	17653.011017	2.8657485417207793	0.15	4	70.0	0	0	;
	523	143	1000.0	7055.392799	2.0043729542613637	0.15	4	40.0	0	0	;
	523	144	1500.0	109194.822693	19.09000396730769	0.15	4	65.0	0	0	;
	523	192	500.0	12422.045746	2.3526601791666666	0.15	4	60.0	0	0	;
	523	522	3000.0	66683.44986	10.825235366883115	0.15	4	70.0	0	0	;
	524	258	1000.0	36589.115067	6.929756641477272	0.15	4	60.0	0	0	;
	524	259	1000.0	829.360499	0.20943446944444444	0.15	4	45.0	0	0	;
	524	525	750.0	41461.104126	9.422978210454545	0.15	4	50.0	0	0	;
	524	526	500.0	18532.940941	3.8291200291322314	0.15	4	55.0	0	0	;
	525	246	1500.0	481.484946	0.12158710757575757	0.15	4	45.0	0	0	;
	525	320	1000.0	122829.80072	19.939902714285715	0.15	4	70.0	0	0	;
	525	485	750.0	33840.310135	8.545532862373737	0.15	4	45.0	0	0	;
	525	524	750.0	41461.104126	9.422978210454545	0.15	4	50.0	0	0	;
	526	111	1000.0	2542.114806	0.5777533650000001	0.15	4	50.0	0	0	;
	526	254	1000.0	214.368049	0.04429091921487603	0.15	4	55.0	0	0	;
	526	524	500.0	18532.940941	3.8291200291322314	0.15	4	55.0	0	0	;
	526	528	1000.0	49286.83136	7.46770172121212	0.15	4	75.0	0	0	;
	527	152	750.0	58866.655426	9.556275231493506	0.15	4	70.0	0	0	;
	527	232	750.0	312.281823	0.050695101136363635	0.15	4	70.0	0	0	;
	527	484	2500.0	33842.284012	5.916483218881117	0.15	4	65.0	0	0	;
	528	124	1000.0	94995.335999	14.393232727121212	0.15	4	75.0	0	0	;
	528	253	1000.0	64038.923035	9.702867126515152	0.15	4	75.0	0	0	;
	528	445	1000.0	79328.055267	12.01940231318182	0.15	4	75.0	0	0	;
	528	526	1000.0	49286.83136	7.46770172121212	0.15	4	75.0	0	0	;
	529	334	2500.0	116809.969482	17.698480224545456	0.15	4	75.0	0	0	;
	529	364	750.0	78946.276245	13.001692398715416	0.15	4	69.0	0	0	;
	529	409	1000.0	18826.810684	3.5656838416666665	0.15	4	60.0	0	0	;
	530	211	500.0	3774.170437	0.6126900060064935	0.15	4	70.0	0	0	;
	530	275	2000.0	13849.977036	2.0984813690909094	0.15	4	75.0	0	0	;
	531	212	1000.0	10829.089279	2.461156654318182	0.15	4	50.0	0	0	;
	531	337	500.0	4974.420433	1.130550098409091	0.15	4	50.0	0	0	;
	532	67	500.0	101690.535278	15.407656860303028	0.15	4	75.0	0	0	;
	532	311	500.0	24579.818573	5.078474911776859	0.15	4	55.0	0	0	;
	532	433	1000.0	3042.828569	0.4939656767857143	0.15	4	70.0	0	0	;
	532	434	500.0	1106.374869	0.22858984896694212	0.15	4	55.0	0	0	;
	533	162	500.0	411.920103	0.08510745929752066	0.15	4	55.0	0	0	;
	533	163	500.0	146927.09198	30.35683718595041	0.15	4	55.0	0	0	;
	533	262	1000.0	55591.530304	8.422959136969697	0.15	4	75.0	0	0	;
	534	170	2000.0	26940.041656	4.709797492307692	0.15	4	65.0	0	0	;
	534	513	2000.0	11908.33168	2.0818761678321676	0.15	4	65.0	0	0	;
	534	546	1000.0	65942.193604	9.991241455151515	0.15	4	75.0	0	0	;
	535	512	2500.0	75043.37265	13.119470743006993	0.15	4	65.0	0	0	;
	535	546	1000.0	8539.69776	1.4929541538461537	0.15	4	65.0	0	0	;
	535	547	2500.0	5130.465288	0.8969344909090909	0.15	4	65.0	0	0	;
	536	49	500.0	16438.75728	3.7360812000000005	0.15	4	50.0	0	0	;
	536	546	1000.0	102691.36944	17.953036615384615	0.15	4	65.0	0	0	;
	537	331	2500.0	73759.990082	12.895103161188812	0.15	4	65.0	0	0	;
	537	548	2500.0	9413.827686	1.6457740709790212	0.15	4	65.0	0	0	;
	538	347	2500.0	40126.69281	7.015156085664336	0.15	4	65.0	0	0	;
	538	348	3500.0	27594.616013	4.824233568706293	0.15	4	65.0	0	0	;
	539	294	3000.0	52212.374803	11.866448818863637	0.15	4	50.0	0	0	;
	539	355	3000.0	6024.831231	1.3692798252272729	0.15	4	50.0	0	0	;
	540	347	1000.0	29861.679153	5.6556210517045455	0.15	4	60.0	0	0	;
	540	549	1000.0	1503.084168	0.2846750318181818	0.15	4	60.0	0	0	;
	541	355	2000.0	70152.538605	13.286465644886363	0.15	4	60.0	0	0	;
	541	424	2000.0	46899.840088	8.88254547121212	0.15	4	60.0	0	0	;
	542	294	3500.0	58527.697449	13.301749420227273	0.15	4	50.0	0	0	;
	542	550	3500.0	4036.482067	0.9173822879545455	0.15	4	50.0	0	0	;
	543	348	3500.0	39520.658539	8.981967849772726	0.15	4	50.0	0	0	;
	543	550	3500.0	5996.271858	1.3627890586363638	0.15	4	50.0	0	0	;
	544	295	3000.0	17867.414589	4.060776042954545	0.15	4	50.0	0	0	;
	544	350	1500.0	4972.750254	1.1301705122727272	0.15	4	50.0	0	0	;
	545	349	3000.0	73526.564026	18.567314147979797	0.15	4	45.0	0	0	;
	545	350	1500.0	19111.959114	4.826252301515153	0.15	4	45.0	0	0	;
	546	534	1000.0	65942.193604	9.991241455151515	0.15	4	75.0	0	0	;
	546	535	1000.0	8539.69776	1.4929541538461537	0.15	4	65.0	0	0	;
	546	536	1000.0	102691.36944	17.953036615384615	0.15	4	65.0	0	0	;
	546	547	1000.0	6622.056942	1.0033419609090908	0.15	4	75.0	0	0	;
	547	357	3000.0	55977.866364	9.786340273426573	0.15	4	65.0	0	0	;
	547	535	2500.0	5130.465288	0.8969344909090909	0.15	4	65.0	0	0	;
	547	546	1000.0	6622.056942	1.0033419609090908	0.15	4	75.0	0	0	;
	547	548	1000.0	127036.766968	19.247994995151515	0.15	4	75.0	0	0	;
	548	176	2500.0	855.117517	0.1494960694055944	0.15	4	65.0	0	0	;
	548	537	2500.0	9413.827686	1.6457740709790212	0.15	4	65.0	0	0	;
	548	547	1000.0	127036.766968	19.247994995151515	0.15	4	75.0	0	0	;
	549	382	1000.0	65762.465057	12.455012321401513	0.15	4	60.0	0	0	;
	549	540	1000.0	1503.084168	0.2846750318181818	0.15	4	60.0	0	0	;
	550	542	3500.0	4036.482067	0.9173822879545455	0.15	4	50.0	0	0	;
	550	543	3500.0	5996.271858	1.3627890586363638	0.15	4	50.0	0	0	;
