2,359,0.16855221438717533,1250,62296.8984375
3,360,0.06065313958502435,1250,22417.400390625
3,361,0.0964512944737554,1250,35648.3984375
4,362,0.03829193775788014,1250,14152.7001953125
4,363,0.2111496169845779,1250,78040.8984375
5,364,0.0810873928317776,1250,29969.900390625
5,365,0.025380005939698323,1250,9380.4501953125
6,195,0.35370670995671,1250,130730.0
6,366,0.09535660384537338,1250,35243.80078125
7,280,0.05959118071056547,1250,22024.900390625
7,367,0.016579789330949,1250,6127.89013671875
8,368,0.14626406715029763,1250,54059.19921875
8,369,0.15449296959550865,1250,57100.6015625
9,262,0.06749269691896645,1250,24945.30078125
9,370,0.03556114824303301,1250,13143.400390625
10,371,0.3081358225108225,1250,113887.0
11,372,0.19088689630681818,1250,70551.796875
12,373,0.002002692119383709,1250,740.1950073242188
12,374,0.03275351784446023,1250,12105.7001953125
13,304,0.3117261904761905,1250,115214.0
13,375,0.030120400432900433,1250,11132.5
14,279,0.11151569052692101,1250,41216.19921875
15,113,0.02349025974025974,1250,8682.0
15,251,0.04984253458130412,1250,18421.80078125
16,376,0.14082710827583875,1250,52049.69921875
16,377,0.0024721049849605148,1250,913.6900024414062
17,378,0.10675297196293289,1250,39455.8984375
17,379,0.007166829294972606,1250,2648.860107421875
18,380,0.07671888739515693,1250,28355.30078125
18,381,0.06391639610389611,1250,23623.5
19,382,0.029382033575148812,1250,10859.599609375
19,383,0.02319694221793831,1250,8573.58984375
20,384,0.01781263475294237,1250,6583.5498046875
20,385,0.05667748917748918,1250,20948.0
21,386,0.05075946758319805,1250,18760.69921875
22,327,0.29687229437229434,1250,109724.0
22,387,0.003321699002088406,1250,1227.699951171875
23,388,0.4202191558441558,1250,155313.0
24,389,0.32857142857142857,1250,121440.0
24,390,0.017938853342295724,1250,6630.2001953125
25,182,0.19956494352002163,1250,73759.203125
25,185,0.14871753246753247,1250,54966.0
25,186,0.12987554112554112,1250,48002.0
26,303,0.04406736960142722,1250,16287.2998046875
26,391,0.006899377732049851,1250,2550.010009765625
27,392,0.2854788961038961,1250,105513.0
28,275,0.16049134621888528,1250,59317.6015625
28,393,0.03865909196597673,1250,14288.400390625
29,394,0.23596185064935063,1250,87211.5
29,395,0.16650270140016235,1250,61539.3984375
30,229,0.09257007153003247,1250,34213.8984375
30,396,0.07944832145393668,1250,29364.099609375
31,397,0.3237418831168831,1250,119655.0
31,398,0.03127732578294101,1250,11560.099609375
32,399,0.09890394598890694,1250,36554.8984375
32,400,0.030163690476190476,1250,11148.5
33,201,0.12232196758319805,1250,45210.19921875
33,401,0.017073376147778003,1250,6310.31982421875
34,402,0.1594788918763528,1250,58943.3984375
35,176,0.18545103659361473,1250,68542.703125
35,403,0.06690611471861473,1250,24728.5
36,198,0.17986120975378786,1250,66476.703125
36,200,0.18642423819669912,1250,68902.3984375
37,404,0.17697862765489716,1250,65411.30078125
37,405,0.25000325520833333,1250,92401.203125
38,406,0.042420453488568724,1250,15678.599609375
38,407,0.1557867986505682,1250,57578.80078125
39,402,0.10914935487689394,1250,40341.6015625
39,408,0.03422375435436959,1250,12649.099609375
40,224,0.2010944264069264,1250,74324.5
40,288,0.28548160173160175,1250,105514.0
41,409,0.2846807359307359,1250,105218.0
42,410,0.04063473920285444,1250,15018.599609375
42,411,0.017337933164654356,1250,6408.10009765625
43,412,0.03257575757575758,1250,12040.0
43,413,0.42466450216450213,1250,156956.0
44,414,0.05702949028510552,1250,21078.099609375
44,415,0.4281087662337662,1250,158229.0
45,163,0.2546593656994048,1250,94122.1015625
45,416,0.010209794477982955,1250,3773.5400390625
46,417,0.01502578405074743,1250,5553.52978515625
46,418,0.27102002164502165,1250,100169.0
47,419,0.011082305247649485,1250,4096.02001953125
48,349,0.3322402597402598,1250,122796.0
48,420,0.07276731813108767,1250,26894.80078125
49,183,0.1611904761904762,1250,59576.0
49,301,0.13750865589488637,1250,50823.19921875
49,421,0.08010146103896104,1250,29605.5
49,422,0.00642627138080019,1250,2375.14990234375
49,534,0.04447727484104437,1250,16438.80078125
50,294,0.026107764306006497,1250,9649.4296875
50,423,0.056991072485457255,1250,21063.900390625
51,424,0.004907548582399048,1250,1813.829956054688
51,425,0.2658284716585498,1250,98250.203125
52,426,0.3566396103896104,1250,131814.0
52,427,0.0007566206795828683,1250,279.6470031738281
53,428,0.012893209085836039,1250,4765.330078125
54,429,0.01996799221286526,1250,7380.169921875
54,430,0.37463203463203465,1250,138464.0
55,431,0.0040766774627553435,1250,1506.739990234375
55,432,0.00773206174115598,1250,2857.77001953125
56,237,0.14125703885957794,1250,52208.6015625
56,433,0.04627488966112013,1250,17103.19921875
57,322,0.3977380952380953,1250,147004.0
57,434,0.12626298912675865,1250,46666.80078125
58,435,0.10987635492762446,1250,40610.30078125
59,436,0.006434063932080289,1250,2378.030029296875
59,437,0.28403409090909093,1250,104979.0
60,367,0.3031168831168831,1250,112032.0
60,438,0.15756304323931278,1250,58235.30078125
61,129,0.4091044372294372,1250,151205.0
61,439,0.019725730202414773,1250,7290.6298828125
62,440,0.06796509845948322,1250,25119.900390625
62,441,0.32597943722943723,1250,120482.0
63,442,0.3573701298701299,1250,132084.0
63,443,0.31301136363636367,1250,115689.0
64,444,0.03931195940290179,1250,14529.7001953125
64,445,0.10431736801609849,1250,38555.69921875
65,446,0.007237148532619724,1250,2674.85009765625
65,447,0.12327922077922078,1250,45564.0
66,319,0.1527156364143669,1250,56443.69921875
66,448,0.00818612036766944,1250,3025.590087890625
67,449,0.08058117094494047,1250,29782.80078125
67,530,0.3939393939393939,1250,145600.0
68,419,0.3741720779220779,1250,138294.0
68,450,0.029681819238704003,1250,10970.400390625
69,451,0.31800865800865796,1250,117536.0
69,452,0.10665232472605521,1250,39418.69921875
70,453,0.0360029767189191,1250,13306.7001953125
70,454,0.022783036665482953,1250,8420.6103515625
71,408,0.1676082251082251,1250,61948.0
71,455,0.012802353896103897,1250,4731.75
72,456,0.017744128735034496,1250,6558.22998046875
72,457,0.019196888316761362,1250,7095.169921875
73,433,0.2444529136228355,1250,90349.796875
73,458,0.006391098220627029,1250,2362.14990234375
74,240,0.09501163631290585,1250,35116.30078125
74,459,0.06260308335869859,1250,23138.099609375
75,460,0.07043939499627977,1250,26034.400390625
75,461,0.1687551364650974,1250,62371.8984375
76,243,0.06033197840570888,1250,22298.69921875
76,462,0.30879329004329004,1250,114130.0
77,285,0.17538067970441018,1250,64820.69921875
77,463,0.07604301948051949,1250,28105.5
78,464,0.29893668831168835,1250,110487.0
78,465,0.016384307729217396,1250,6055.64013671875
79,290,0.004147213361996077,1250,1532.81005859375
79,466,0.32688852813852814,1250,120818.0
80,467,0.36223214285714284,1250,133881.0
80,468,0.2979897186147186,1250,110137.0
81,469,0.296969696969697,1250,109760.0
81,470,0.20066585920589824,1250,74166.1015625
82,471,0.1619932338169643,1250,59872.69921875
83,472,0.06637175324675325,1250,24531.0
83,473,0.00472556803649638,1250,1746.569946289062
84,281,0.42542207792207787,1250,157236.0
84,474,0.010618695676068723,1250,3924.669921875
85,475,0.08733089826839827,1250,32277.5
85,476,0.06410984848484849,1250,23695.0
86,477,0.21357954545454547,1250,78939.0
86,478,0.1903603980654762,1250,70357.203125
87,434,0.10374160832656926,1250,38342.8984375
88,479,0.1476442120704816,1250,54569.30078125
88,480,0.33396103896103896,1250,123432.0
89,481,0.24372808018804112,1250,90081.8984375
89,482,0.13209604766977814,1250,48822.69921875
90,246,0.07452327051204004,1250,27543.80078125
90,483,0.0007803273717046299,1250,288.4089965820312
91,468,0.3924485930735931,1250,145049.0
91,484,0.014768154920437634,1250,5458.31005859375
92,485,0.3788798701298701,1250,140034.0
92,486,0.40758387445887445,1250,150643.0
93,487,0.28108225108225104,1250,103888.0
93,488,0.3036850649350649,1250,112242.0
94,489,0.005963257628601867,1250,2204.02001953125
94,490,0.22361797382305193,1250,82649.203125
95,390,0.3268398268398269,1250,120800.0
95,491,0.023823810263629598,1250,8805.2802734375
96,492,0.1054935022659632,1250,38990.3984375
96,493,0.0447437791700487,1250,16537.30078125
97,494,0.025702163233901513,1250,9499.51953125
97,495,0.1783814850514069,1250,65929.796875
98,218,0.04284713150618912,1250,15836.2998046875
98,496,0.007674594235110593,1250,2836.530029296875
99,408,0.24704247412743505,1250,91306.8984375
99,497,0.027305736459178838,1250,10092.2001953125
100,498,0.0008812121601847859,1250,325.6960144042969
100,499,0.1594653637378247,1250,58938.3984375
101,500,0.010835660463803775,1250,4004.860107421875
101,501,0.13424107142857142,1250,49615.5
102,502,0.005195373270934794,1250,1920.2099609375
102,503,0.17944589590097404,1250,66323.203125
103,387,0.08947700005073052,1250,33070.69921875
103,504,0.04264475108225108,1250,15761.5
104,505,0.002506772161046148,1250,926.5029907226562
104,506,0.012945481337510145,1250,4784.64990234375
105,507,0.25790584415584417,1250,95322.0
105,508,0.028214285714285713,1250,10428.0
106,189,0.2343771560470779,1250,86625.796875
106,509,0.021878544530827247,1250,8086.31005859375
107,510,0.02983874564563041,1250,11028.400390625
107,511,0.28403409090909093,1250,104979.0
108,512,0.014370535978507171,1250,5311.35009765625
108,513,0.013534794266605789,1250,5002.4599609375
109,514,0.1279826797551407,1250,47302.3984375
110,180,0.11524702592329546,1250,42595.30078125
110,288,0.03716423265861742,1250,13735.900390625
111,483,0.015812362797004133,1000,4591.91015625
111,524,0.00962924286813447,1000,2542.1201171875
112,1,2.7056277056277056e-05,90000,10.0
112,113,0.19194507153003249,1000,70942.8984375
113,15,0.03654040404040404,1000,8682.0
113,112,0.19194507153003249,1000,70942.8984375
113,251,0.05589462742660985,1000,16231.7998046875
114,115,0.31210081585081584,500,107113.0
114,125,0.11553819444444444,500,36602.5
114,126,0.008325585399449036,500,2417.75
115,114,0.31210081585081584,500,107113.0
115,128,0.2610669191919192,1000,82706.0
116,118,0.006336189038825758,1500,2174.580078125
117,248,0.004846969898738809,750,1407.56005859375
118,116,0.006336189038825758,1500,2174.580078125
118,248,0.04666870686279866,3500,16016.7001953125
118,299,0.24268823299096737,1000,83290.6015625
119,239,0.0025697291091883374,1000,881.9310302734375
119,240,0.00787928298914627,1000,2704.169921875
120,130,0.025622376280945616,1000,9470.0302734375
120,320,0.13393993295116344,1000,49504.19921875
120,389,0.1704913462188853,500,63013.6015625
121,321,0.1043320707070707,500,41315.5
121,389,0.012474173553719008,750,3622.5
121,390,0.3575429292929293,500,141587.0
122,123,0.22379409327651514,1000,82714.296875
122,124,0.09684504401256887,1000,28123.80078125
123,122,0.22379409327651514,1000,82714.296875
123,302,0.0013881692340478352,500,329.8290100097656
123,303,0.044933994177616,1500,9490.0595703125
124,122,0.09684504401256887,1000,28123.80078125
124,493,0.00978598484848485,1000,3875.25
124,526,0.23988711332070708,1000,94995.296875
125,114,0.11553819444444444,500,36602.5
125,171,0.08731351981351981,0,29966.0
125,395,0.18277979008838383,2000,72380.796875
126,114,0.008325585399449036,500,2417.75
127,348,0.0014656439472189595,1000,503.0090026855469
128,115,0.2610669191919192,1000,82706.0
128,139,0.14523747086247085,1500,49845.5
128,140,0.14107733832465277,1000,44693.30078125
129,61,0.4091044372294372,500,151205.0
129,456,0.026091528858363466,1000,7576.97998046875
130,120,0.025622376280945616,1000,9470.0302734375
130,350,0.3136634199134199,500,115930.0
130,456,0.30308441558441557,500,112020.0
131,132,0.1354531734245868,1000,39335.6015625
131,134,0.12139204545454546,1500,32047.5
131,135,0.007050034283934876,1500,2047.329956054688
132,131,0.1354531734245868,1000,39335.6015625
133,292,0.014508058322034263,1500,4213.14013671875
134,131,0.12139204545454546,1500,32047.5
134,465,0.11570425180288461,1000,39709.69921875
135,131,0.007050034283934876,1500,2047.329956054688
136,520,0.0015242644993945806,1000,482.8869934082031
137,144,0.049862183850220954,1000,7898.169921875
138,167,0.04571969696969697,500,18105.0
138,264,0.4877575757575758,500,193152.0
138,401,0.17678463626217533,500,65339.6015625
139,128,0.14523747086247085,1500,49845.5
139,140,0.09122623832429408,1500,26492.099609375
139,348,0.10110343595206876,1500,34698.69921875
140,128,0.14107733832465277,1000,44693.30078125
140,139,0.09122623832429408,1500,26492.099609375
140,349,0.0916909697561553,1500,29047.69921875
141,339,0.002720404114386048,500,1077.280029296875
142,340,0.00012283577031387395,1000,45.40010070800781
143,260,1.2365235690235692,500,293798.0
143,521,0.03340620329885772,1000,7055.39013671875
144,137,0.049862183850220954,1000,7898.169921875
144,160,0.11183604318858226,1000,20667.30078125
144,521,0.3181672494172494,1500,109195.0
145,333,0.0027106546839594323,1000,500.9289855957031
146,225,0.06680460611979167,500,21163.69921875
146,489,0.5329269972451791,500,154762.0
146,496,0.43311417748917747,500,160079.0
147,148,0.06097398792613637,1500,24145.69921875
147,331,0.3029772727272727,1000,119979.0
148,147,0.06097398792613637,1500,24145.69921875
148,351,0.293739898989899,2500,116321.0
148,429,0.07528234379552738,500,25836.900390625
148,482,0.23526945233585855,0,93166.703125
149,289,0.002487890425817672,500,853.843994140625
150,344,0.0018651101608906893,1000,541.6279907226562
151,430,0.6517261904761905,500,240878.0
151,471,0.14914177700554654,1000,55122.80078125
152,230,0.10838257844783057,500,31474.30078125
152,430,0.057543730092114324,1000,16710.69921875
152,525,0.15927137234510283,750,58866.69921875
153,291,0.35494588744588745,500,131188.0
153,315,0.05945580684777463,500,18835.599609375
153,316,0.04447141873278237,750,12914.5
154,155,0.2551424779647436,500,87564.8984375
155,154,0.2551424779647436,500,87564.8984375
155,285,0.11125404434974748,1000,44056.6015625
155,328,0.11402298374368687,1000,45153.1015625
156,505,0.4004407713498623,1000,116288.0
157,158,0.2025640807488952,500,64172.30078125
157,375,0.4406691919191919,500,174505.0
157,412,0.17592045723570937,500,51087.30078125
158,157,0.2025640807488952,500,64172.30078125
158,519,0.03136246972428613,500,10763.599609375
159,347,0.0007980397734979187,1000,252.8190002441406
160,144,0.11183604318858226,1000,20667.30078125
160,509,0.21305957300275483,500,61872.5
160,520,0.2944463869463869,1000,101054.0
161,189,0.14071246018422864,2000,40862.8984375
161,509,0.2039383581912879,500,59223.69921875
161,520,0.04776244588744589,0,17653.0
162,531,0.001418457346514237,500,411.9200134277344
163,45,0.39613679108796296,500,94122.1015625
163,189,0.06693398479775434,1000,24738.80078125
163,193,0.23153207859848488,1000,91686.703125
163,531,0.5059469696969697,500,146927.0
164,1,2.7056277056277056e-05,90000,10.0
164,266,0.00541525237728851,1000,2144.43994140625
164,479,0.3258989898989899,1000,129056.0
164,480,0.11031466661593614,500,40772.30078125
165,167,0.04595163056344697,500,15770.599609375
165,480,0.519862012987013,500,192141.0
165,502,0.4506338383838384,500,178451.0
166,1,2.7056277056277056e-05,90000,10.0
166,502,0.3153484848484848,500,124878.0
167,138,0.04571969696969697,500,18105.0
167,165,0.04595163056344697,500,15770.599609375
167,210,0.23650580018939393,500,93656.296875
167,337,0.4382171717171717,500,173534.0
168,169,0.0673212101483586,500,26659.19921875
168,242,0.17955389987616552,1000,61622.8984375
169,168,0.0673212101483586,500,26659.19921875
169,244,0.16835868070731352,500,57780.69921875
170,347,0.13201427966564686,2000,45307.30078125
170,532,0.0784965034965035,2000,26940.0
171,125,0.08731351981351981,2000,29966.0
171,511,0.1382290187026515,1500,47440.19921875
172,320,0.03856783612043733,1000,11200.099609375
172,508,0.025046036726944932,1000,8595.7998046875
173,319,0.3846938131313131,500,121871.0
173,321,0.08506266948605372,1000,24702.19921875
174,175,0.06940667775051652,1000,20155.69921875
174,354,0.2882011073088843,1500,83693.6015625
175,174,0.06940667775051652,1000,20155.69921875
175,380,0.0179547787824155,2000,6162.080078125
176,35,0.2360285920282369,1000,68542.703125
176,300,0.1584833916083916,1500,54391.5
176,345,0.23474358974358978,1000,80564.0
176,546,0.0024916025086160584,2500,855.1179809570312
177,353,0.5017686480186481,1500,172207.0
178,1,2.7056277056277056e-05,90000,10.0
178,434,0.29969967532467534,1500,110769.0
179,286,0.0610335058821387,1000,20946.69921875
179,405,0.0678873747238005,1000,26883.400390625
180,1,2.7056277056277056e-05,90000,10.0
180,110,0.14667803299328513,500,42595.30078125
180,447,0.7182925407925408,0,246518.0
181,403,0.038863636363636364,1000,14364.0
182,1,2.7056277056277056e-05,90000,10.0
182,25,0.2793909209280303,1000,73759.203125
182,332,0.3018459595959596,0,119531.0
183,49,0.22566666666666665,500,59576.0
183,346,0.002261949374681308,2500,776.301025390625
184,217,0.15684178776952215,1500,53828.1015625
184,528,0.1953171756628788,3000,77345.6015625
185,1,2.7056277056277056e-05,90000,10.0
185,25,0.20820454545454545,1000,54966.0
185,214,0.018119588744588747,500,6697.0
186,1,2.7056277056277056e-05,90000,10.0
186,25,0.1652961432506887,1000,48002.0
186,340,0.31014069264069266,500,114628.0
187,261,0.40917424242424244,0,162033.0
187,339,0.13557196969696972,1500,53686.5
187,340,0.12633630529626624,500,46693.8984375
188,260,0.24390210700757575,1500,83707.203125
188,478,0.41332459207459205,1000,141853.0
189,106,0.3281280184659091,500,86625.796875
189,161,0.14071246018422864,0,40862.8984375
189,163,0.06693398479775434,1000,24738.80078125
189,260,0.4700641025641026,0,161326.0
190,195,0.4226920995670996,500,156227.0
190,517,0.00038794696692264445,500,153.6269989013672
191,486,0.0006363106159248738,500,251.97900390625
192,521,0.039210858585858585,500,12422.0
193,163,0.23153207859848488,1000,91686.703125
193,416,0.13965630918560606,500,55303.8984375
193,517,0.31333838383838386,500,124082.0
194,1,2.7056277056277056e-05,90000,10.0
194,263,0.06481331168831168,1000,11977.5
195,6,0.5502104377104378,500,130730.0
195,190,0.4226920995670996,500,156227.0
196,209,0.01317474796796086,500,5217.2001953125
196,366,0.2555126262626262,500,101183.0
196,516,0.44880303030303026,500,177726.0
197,477,0.057424661655618686,500,13644.099609375
198,36,0.16787046243686868,1000,66476.703125
198,485,0.06323705808080808,500,20033.5
199,200,0.2031785432449495,500,80458.703125
199,201,0.2641313131313131,500,104596.0
199,513,0.16446438999368687,1000,65127.8984375
199,516,0.2998409090909091,2000,118737.0
200,36,0.2609939334753788,1000,68902.3984375
200,199,0.2031785432449495,500,80458.703125
201,33,0.11416716974431819,500,45210.19921875
201,199,0.2641313131313131,500,104596.0
201,401,0.1340359827347132,500,49539.69921875
202,203,0.4932683982683983,500,182312.0
202,205,0.3596338383838384,1000,142415.0
202,512,0.03553815040753518,1000,6567.4501953125
203,202,0.4932683982683983,500,182312.0
203,454,0.08128841779964827,500,30044.19921875
204,207,0.1147963332240676,1500,39398.1015625
204,453,0.05150883838383838,750,16318.0
204,454,0.11579629300820707,1000,27513.19921875
205,202,0.3596338383838384,1000,142415.0
205,265,0.18328146625509906,1000,62902.19921875
206,265,0.004836654840927302,500,1659.93994140625
207,204,0.1147963332240676,1500,39398.1015625
208,1,2.7056277056277056e-05,90000,10.0
208,474,0.5594283746556474,1000,162458.0
209,196,0.01317474796796086,500,5217.2001953125
209,264,0.01052530307962437,500,4168.02001953125
210,167,0.23650580018939393,500,93656.296875
210,341,0.469120670995671,500,173387.0
210,379,0.20449873737373736,500,80981.5
211,341,0.4516233766233766,500,166920.0
211,528,0.010211498706371752,500,3774.169921875
212,217,0.1990671756628788,1000,78830.6015625
212,336,0.3127146464646465,1000,123835.0
212,529,0.04101931670217803,1000,10829.099609375
213,215,0.0008536471742572208,500,315.5079956054688
214,185,0.018119588744588747,500,6697.0
214,339,0.2655002663352273,500,98128.8984375
214,476,0.2941504329004329,500,108718.0
215,213,0.0008536471742572208,500,315.5079956054688
215,335,0.010559767025373715,500,3902.889892578125
215,489,0.39182828282828286,1000,155164.0
216,219,0.0001913532873596808,500,75.7759017944336
217,184,0.15684178776952215,1500,53828.1015625
217,212,0.1990671756628788,1000,78830.6015625
217,336,0.17159949100378788,1000,67953.3984375
218,98,0.05453271282605888,500,15836.2998046875
218,219,0.45680808080808083,500,180896.0
218,333,0.030902020695233585,500,12237.2001953125
218,364,0.3114141414141414,500,123320.0
219,216,0.0001913532873596808,500,75.7759017944336
219,218,0.45680808080808083,500,180896.0
219,393,0.3502222222222222,500,138688.0
220,1,2.7056277056277056e-05,90000,10.0
220,425,0.11738067759063853,1000,43383.8984375
221,269,0.36509032634032634,1000,125299.0
221,305,0.026183117622936958,1000,9677.2802734375
221,307,0.12647538090165042,1000,46745.30078125
222,308,0.127504547427399,1000,50491.80078125
222,359,0.3153080808080808,1000,124862.0
222,411,0.007896186597419507,500,3126.889892578125
223,359,0.02899816956182923,500,4593.31005859375
224,1,2.7056277056277056e-05,90000,10.0
224,40,0.2346101641414141,500,74324.5
224,392,0.13349747474747475,1000,31719.0
225,146,0.06680460611979167,500,21163.69921875
225,398,0.04846384432033402,500,14073.900390625
225,476,0.3788024475524476,1000,130005.0
226,227,0.00033237013465914366,1000,122.8440017700195
226,228,0.30336038961038964,1000,112122.0
226,344,0.058588201349431816,1000,21654.19921875
227,226,0.00033237013465914366,1000,122.8440017700195
227,427,0.3211769480519481,1000,118707.0
228,226,0.30336038961038964,1000,112122.0
228,396,0.03257809809745179,500,9460.6796875
229,30,0.08639873342803031,500,34213.8984375
229,396,0.04398055752840909,500,17416.30078125
229,429,0.3486388888888889,500,138061.0
230,152,0.10838257844783057,500,31474.30078125
230,277,0.08692103957240675,500,29831.30078125
231,277,0.0009527622569691052,500,326.9880065917969
232,525,0.0008448647007797703,750,312.2619934082031
233,278,0.8599526515151515,1000,272433.0
234,360,0.11581177611451049,1000,39746.6015625
234,361,0.006045622649016204,1000,1436.43994140625
235,327,0.22262046243686867,500,88157.703125
235,432,0.04661914667807335,500,13538.2001953125
236,248,0.13167550505050504,1000,52143.5
236,285,0.08762929095643938,1000,34701.19921875
236,463,0.19676136363636365,500,67528.5
237,56,0.13183990293560605,1000,52208.6015625
237,310,0.6935198135198135,500,238016.0
237,515,0.04192768527784952,500,12175.7998046875
238,420,0.013486060864997632,1000,3560.320068359375
239,119,0.0025697291091883374,1000,881.9310302734375
239,242,0.1614358997122669,1000,55404.80078125
239,459,0.15098295454545455,500,39859.5
240,74,0.16627036354758523,500,35116.30078125
240,119,0.00787928298914627,1000,2704.169921875
240,241,0.38946969696969697,500,123384.0
241,240,0.38946969696969697,500,123384.0
242,168,0.17955389987616552,1000,61622.8984375
242,239,0.1614358997122669,1000,55404.80078125
242,243,0.35703598484848487,500,113109.0
243,76,0.07038730813999369,500,22298.69921875
243,242,0.35703598484848487,500,113109.0
244,169,0.16835868070731352,500,57780.69921875
244,245,0.3028583916083916,500,103941.0
245,244,0.3028583916083916,500,103941.0
246,90,0.14904654102408008,1000,27543.80078125
246,523,0.002026447848438815,1500,481.4840087890625
247,326,0.20262425031565656,2000,80239.203125
247,356,0.05529646563289141,0,21897.400390625
247,448,0.6016792929292929,1000,238265.0
248,117,0.004846969898738809,750,1407.56005859375
248,118,0.04666870686279866,3500,16016.7001953125
248,236,0.13167550505050504,1000,52143.5
249,1,2.7056277056277056e-05,90000,10.0
249,469,0.02277630934702135,500,6614.240234375
250,499,0.35224862258953166,1000,102293.0
251,15,0.11629924735637627,750,18421.80078125
251,113,0.05589462742660985,1000,16231.7998046875
251,371,0.02195003162730824,1000,6953.77001953125
252,492,0.024567803837379477,1000,7134.490234375
252,498,0.1971950673024892,1000,72883.296875
253,492,0.03259414546745868,500,9465.33984375
253,526,0.16171438999368687,1000,64038.8984375
254,524,0.0007381818051508964,1000,214.3679962158203
255,1,2.7056277056277056e-05,90000,10.0
255,400,0.303103354978355,1000,112027.0
256,1,2.7056277056277056e-05,90000,10.0
256,372,0.25247239414231604,1500,93313.796875
257,311,0.25161691130050506,1000,99640.296875
258,436,0.3635151515151515,1000,143952.0
258,443,0.0017354924365727588,1000,687.2550048828125
258,522,0.1154968385022096,1000,36589.3984375
259,522,0.003490572328920718,1000,829.3599853515625
260,143,1.2365235690235692,500,293798.0
260,188,0.24390210700757575,1500,83707.203125
260,189,0.4700641025641026,3000,161326.0
260,370,0.17859495344065657,750,70723.6015625
260,531,0.09241716974431818,1000,36597.19921875
261,187,0.40917424242424244,1500,162033.0
261,282,0.06882900221523268,1000,25439.19921875
261,472,0.16958005839646464,0,67153.703125
262,9,0.06299318379103536,1000,24945.30078125
262,370,0.054204796993371204,1000,21465.099609375
262,517,0.09943232125946969,0,39375.19921875
262,531,0.14038257575757576,0,55591.5
263,194,0.06481331168831168,1000,11977.5
263,503,0.2270005873033217,1000,77906.6015625
263,514,0.6161666666666666,500,244002.0
264,138,0.4877575757575758,500,193152.0
264,209,0.01052530307962437,500,4168.02001953125
264,503,0.5110479797979798,500,202375.0
265,205,0.18328146625509906,1000,62902.19921875
265,206,0.004836654840927302,500,1659.93994140625
265,453,0.051844986068618884,1500,17793.19921875
266,1,2.7056277056277056e-05,90000,10.0
266,164,0.00541525237728851,1000,2144.43994140625
267,1,2.7056277056277056e-05,90000,10.0
267,409,0.24012904434974747,1000,95091.1015625
268,269,0.04528436041497565,500,16737.099609375
268,373,0.04661157024793388,500,13536.0
268,374,0.0009749035795858085,500,283.1119995117188
269,221,0.36509032634032634,1000,125299.0
269,268,0.04528436041497565,500,16737.099609375
269,343,0.21980735085227274,750,81240.796875
270,406,0.24967388731060608,1000,72505.296875
270,466,0.04032754010695187,1000,18099.0
271,406,0.1790340909090909,1000,61444.5
271,407,0.009769534816989653,1000,1805.410034179688
272,288,0.06056791231229708,2000,22385.900390625
272,289,0.2620203006628788,1000,96842.703125
272,466,0.14303030303030304,1000,49088.0
273,334,0.009814519914312394,1000,2331.929931640625
274,500,0.13266540404040406,1000,52535.5
274,501,0.043005810053661615,2000,17030.30078125
274,528,0.03497474747474747,0,13850.0
275,28,0.28085985588304924,750,59317.6015625
275,336,0.023589551521070076,500,7473.169921875
276,435,0.5899242424242425,1000,202462.0
276,446,0.342979797979798,1000,135820.0
276,452,0.05531574463947511,500,20444.69921875
277,230,0.08692103957240675,500,29831.30078125
277,231,0.0009527622569691052,500,326.9880065917969
277,381,0.13931439640546087,1000,44134.80078125
278,233,0.8599526515151515,1000,272433.0
278,381,0.011938257699060921,500,3782.0400390625
279,1,2.7056277056277056e-05,90000,10.0
279,14,0.19515245842211174,1000,41216.19921875
279,468,0.1328757595486111,500,52618.80078125
280,7,0.05959118071056547,500,22024.900390625
280,324,0.2769832251082251,1000,102373.0
280,367,0.05245151712436869,1000,20770.80078125
281,84,0.42542207792207787,500,157236.0
281,338,0.0002874267655189591,500,113.8209991455078
282,261,0.06882900221523268,1000,25439.19921875
282,378,0.3460926573426574,500,118779.0
282,473,0.12226974685470779,500,45190.8984375
283,464,0.37565268065268065,1000,128924.0
284,519,0.0011423832479149404,500,361.9070129394531
285,77,0.18887150122013402,500,64820.69921875
285,155,0.11125404434974748,1000,44056.6015625
285,236,0.08762929095643938,1000,34701.19921875
285,519,0.5565854978354978,500,205714.0
286,1,2.7056277056277056e-05,90000,10.0
286,179,0.0610335058821387,1000,20946.69921875
287,1,2.7056277056277056e-05,90000,10.0
287,435,0.11548169685132575,1000,36584.6015625
288,1,2.7056277056277056e-05,90000,10.0
288,40,0.36334022038567493,1000,105514.0
288,110,0.04002301978620338,750,13735.900390625
288,272,0.06056791231229708,2000,22385.900390625
289,149,0.002487890425817672,500,853.843994140625
289,272,0.2620203006628788,1000,96842.703125
289,290,0.10101893711756993,500,34669.69921875
290,79,0.005278271551631371,500,1532.81005859375
290,289,0.10101893711756993,500,34669.69921875
290,382,0.3831818181818182,1000,151740.0
291,153,0.35494588744588745,500,131188.0
291,325,0.2262358546401515,1000,89589.3984375
291,391,0.22370107323232322,1000,70868.5
292,133,0.014508058322034263,1500,4213.14013671875
292,354,0.1250186434659091,1000,42906.3984375
292,537,0.1521340280812937,3000,52212.3984375
292,540,0.17053525413388695,3500,58527.69921875
293,353,0.13259557337194056,3000,45506.80078125
293,462,0.11958740803467366,1000,41042.3984375
293,542,0.052061189949373546,3000,17867.400390625
294,50,0.03322806366219008,500,9649.4296875
294,326,0.06486053719008264,1000,18835.5
294,327,0.45110119047619046,500,166727.0
295,369,0.13472803227588384,500,53352.30078125
296,297,0.038118349839541245,1000,9056.919921875
296,369,0.025313383673979378,1000,6014.4599609375
297,296,0.038118349839541245,1000,9056.919921875
297,368,0.0020429633436225233,1000,701.14501953125
298,299,0.04405856757175117,500,15120.900390625
298,368,0.002950495295313409,500,1012.609985351562
299,118,0.24268823299096737,1000,83290.6015625
299,298,0.04405856757175117,500,15120.900390625
300,176,0.1584833916083916,1500,54391.5
301,49,0.1925121182528409,500,50823.19921875
301,329,0.004104399781127074,1500,1408.630004882812
302,123,0.0013881692340478352,500,329.8290100097656
303,26,0.04406736960142722,500,16287.2998046875
303,123,0.044933994177616,1500,9490.0595703125
303,391,0.04367180630242153,1000,16141.099609375
304,13,0.29094444444444445,500,115214.0
304,357,0.0018710530598958334,500,493.9580078125
305,221,0.026183117622936958,1000,9677.2802734375
305,410,0.08557610461862948,1000,24851.30078125
305,426,0.09420707070707071,1000,37306.0
306,410,0.017465288987172867,1000,5071.919921875
306,411,0.03815707120028409,1000,15110.2001953125
307,221,0.12647538090165042,1000,46745.30078125
308,222,0.127504547427399,1000,50491.80078125
309,317,0.11325,1000,44847.0
309,530,0.08464118726325758,500,24579.80078125
310,237,0.6935198135198135,500,238016.0
310,384,0.004206680423957258,1000,1221.619995117188
310,458,0.24624729437229437,1000,91013.0
311,257,0.25161691130050506,1000,99640.296875
311,313,0.2882954545454546,500,114165.0
311,384,0.07265013639591941,500,21097.599609375
311,385,0.005299545750473485,1000,2098.6201171875
312,316,0.03444376343057984,1000,11821.099609375
312,505,0.016253443526170797,1000,4720.0
312,506,0.001450297215601781,1000,497.7420043945312
313,311,0.2882954545454546,500,114165.0
313,314,0.0003091439333829013,1000,122.4209976196289
314,313,0.0003091439333829013,1000,122.4209976196289
314,315,0.00039212120903862847,1000,124.2239990234375
314,506,0.028470454052241165,1000,11274.2998046875
315,153,0.05945580684777463,500,18835.599609375
315,314,0.00039212120903862847,1000,124.2239990234375
316,153,0.04447141873278237,750,12914.5
316,312,0.03444376343057984,1000,11821.099609375
316,317,0.19289798374368688,1000,76387.6015625
317,309,0.11325,1000,44847.0
317,316,0.19289798374368688,1000,76387.6015625
317,325,0.43393181818181814,1000,171837.0
318,319,0.01845307783647017,1000,3897.2900390625
318,507,0.2699258700284091,500,99764.6015625
318,523,0.3323322510822511,1000,122830.0
319,66,0.1527156364143669,1000,56443.69921875
319,173,0.3846938131313131,500,121871.0
319,318,0.01845307783647017,1000,3897.2900390625
319,448,0.15555628128382035,1000,57493.6015625
320,120,0.13393993295116344,1000,49504.19921875
320,172,0.03856783612043733,1000,11200.099609375
320,321,0.05413808607201274,1000,15721.7001953125
321,121,0.1043320707070707,500,41315.5
321,173,0.08506266948605372,1000,24702.19921875
321,320,0.05413808607201274,1000,15721.7001953125
322,57,0.5062121212121212,500,147004.0
322,418,0.43413961038961035,500,160458.0
322,434,0.34942171717171716,3000,138371.0
322,439,0.02278030303030303,750,9021.0
323,324,0.03960881677212466,1000,11502.400390625
323,415,0.06760064723687771,500,24985.19921875
323,451,0.10488181620896464,1000,41533.19921875
324,280,0.2769832251082251,1000,102373.0
324,323,0.03960881677212466,1000,11502.400390625
324,487,0.21866422314664505,500,80818.296875
325,291,0.2262358546401515,1000,89589.3984375
325,317,0.43393181818181814,1000,171837.0
325,423,0.07035460145323427,0,24145.69921875
326,247,0.20262425031565656,0,80239.203125
326,294,0.06486053719008264,1000,18835.5
326,423,0.04971241486378205,2000,17061.30078125
327,22,0.29687229437229434,500,109724.0
327,235,0.22262046243686867,500,88157.703125
327,294,0.45110119047619046,500,166727.0
327,449,0.08933585858585859,500,35377.0
328,155,0.11402298374368687,1000,45153.1015625
328,360,0.5421070075757576,500,114493.0
328,460,0.3490963203463204,1000,129026.0
329,301,0.004104399781127074,1500,1408.630004882812
329,346,0.09831293706293706,3500,33741.0
329,355,0.19253466910693473,3500,66077.8984375
329,535,0.2149184149184149,2500,73760.0
330,331,0.2732927489177489,500,101009.0
330,446,0.143545741368007,1000,49264.8984375
330,447,0.02621222377808626,1000,7612.02978515625
330,488,0.317219696969697,0,125619.0
331,147,0.3029772727272727,1000,119979.0
331,330,0.2732927489177489,500,101009.0
331,382,0.0299686858822601,1000,11867.599609375
331,383,0.175846588443024,500,27854.099609375
332,182,0.3018459595959596,2500,119531.0
332,392,0.1888744588744589,1000,69808.0
332,424,0.02501203646162142,1000,5942.85986328125
332,527,0.2949747474747475,0,116810.0
333,145,0.0027106546839594323,1000,500.9289855957031
333,218,0.030902020695233585,500,12237.2001953125
333,374,0.4300641025641026,500,147598.0
333,496,0.03539685371594551,500,12148.2001953125
334,273,0.009814519914312394,1000,2331.929931640625
334,364,0.0007007413096242137,1000,129.4969940185547
334,365,0.07638686671401515,500,30249.19921875
335,215,0.010559767025373715,500,3902.889892578125
335,365,0.24778182212752525,1000,98121.6015625
335,500,0.038375,1000,15196.5
335,529,0.01884249970407197,500,4974.419921875
336,212,0.3127146464646465,1000,123835.0
336,217,0.17159949100378788,1000,67953.3984375
336,275,0.023589551521070076,500,7473.169921875
336,393,0.15585479797979798,1000,61718.5
337,167,0.4382171717171717,500,173534.0
337,341,0.2568787878787879,1000,101724.0
337,512,0.023704028589337983,1000,6883.64990234375
337,513,0.028542929292929294,1000,11303.0
338,281,0.0002874267655189591,500,113.8209991455078
338,378,0.003958509965376419,500,1567.569946289062
338,379,0.10356767874053029,500,41012.80078125
338,474,0.42657196969696975,500,157661.0
339,141,0.002720404114386048,500,1077.280029296875
339,187,0.13557196969696972,0,53686.5
339,214,0.2655002663352273,500,98128.8984375
339,340,0.0523633848248106,1000,20735.900390625
340,142,0.00012283577031387395,1000,45.40010070800781
340,186,0.31014069264069266,500,114628.0
340,187,0.12633630529626624,500,46693.8984375
340,339,0.0523633848248106,1000,20735.900390625
341,210,0.469120670995671,500,173387.0
341,211,0.4516233766233766,500,166920.0
341,337,0.2568787878787879,1000,101724.0
341,473,0.30545202020202017,1000,120959.0
342,397,0.01360741289147051,500,5029.2998046875
342,398,0.41659779614325065,750,120980.0
342,424,0.42058712121212116,500,133242.0
342,475,0.06937770562770562,500,25642.0
343,269,0.21980735085227274,750,81240.796875
343,362,0.23282089167343073,750,86050.6015625
343,495,0.5670808179450758,500,89825.6015625
344,150,0.0018651101608906893,1000,541.6279907226562
344,226,0.058588201349431816,1000,21654.19921875
344,471,0.07026894045082521,500,25971.400390625
345,176,0.23474358974358978,1000,80564.0
345,525,0.3566025641025641,3500,122386.0
345,536,0.11691928676791957,2500,40126.69921875
345,538,0.09426041420059975,1000,29861.69921875
346,183,0.002261949374681308,2500,776.301025390625
346,329,0.09831293706293706,3500,33741.0
346,536,0.08040384501566142,3500,27594.599609375
346,541,0.11515326795600232,3500,39520.6015625
347,159,0.0007980397734979187,1000,252.8190002441406
347,170,0.13201427966564686,2000,45307.30078125
347,421,0.08836218062536422,2000,30325.900390625
347,543,0.21423834954108392,3000,73526.6015625
348,127,0.0014656439472189595,1000,503.0090026855469
348,139,0.10110343595206876,1500,34698.69921875
348,542,0.01883617424242424,1500,4972.75
348,543,0.08043771043771043,1500,19112.0
349,48,0.42285123966942145,500,122796.0
349,140,0.0916909697561553,1500,29047.69921875
349,420,0.4208712121212121,1000,133332.0
349,462,0.0028391597947470086,1500,824.4920043945312
350,130,0.3136634199134199,500,115930.0
350,376,0.1046411009509154,500,33150.30078125
350,377,0.1575775232796717,0,62400.69921875
350,467,0.1550532867739899,2000,61401.1015625
351,148,0.293739898989899,0,116321.0
351,383,0.1951575076941288,500,61825.8984375
351,494,0.3161498917748918,500,116849.0
351,527,0.5609974747474747,2500,222155.0
352,426,0.21134670928030302,1000,83693.296875
352,427,0.4542207792207792,1000,167880.0
352,494,0.1928517316017316,750,71278.0
352,495,0.06397424439709595,1000,25333.80078125
353,177,0.5017686480186481,1500,172207.0
353,293,0.13259557337194056,3000,45506.80078125
353,537,0.017554866195002912,3000,6024.830078125
353,539,0.2214412928109217,2000,70152.6015625
354,174,0.2882011073088843,1500,83693.6015625
354,292,0.1250186434659091,1000,42906.3984375
354,464,0.09107634146452506,1500,31257.400390625
354,465,0.4100068870523416,1000,119066.0
355,329,0.19253466910693473,3500,66077.8984375
355,421,0.020954720734994173,1500,7191.66015625
355,422,0.10295296717171717,2000,32615.5
355,545,0.14135832938762624,3000,55977.8984375
356,247,0.05529646563289141,2000,21897.400390625
356,357,0.44777548209366397,0,130034.0
356,375,0.12058863784327652,1000,31835.400390625
357,304,0.0018710530598958334,500,493.9580078125
357,356,0.44777548209366397,2000,130034.0
357,444,0.18385000394570705,0,72804.6015625
357,491,0.2918587662337662,500,107871.0
358,395,0.25317774348047783,0,86890.6015625
358,444,0.0805835848721591,2000,31911.099609375
358,445,0.002563929071767928,1000,744.5650024414062
359,2,0.21452100012913225,1000,62296.8984375
359,222,0.3153080808080808,1000,124862.0
359,223,0.02899816956182923,500,4593.31005859375
360,3,0.056609596946022724,1500,22417.400390625
360,234,0.11581177611451049,1000,39746.6015625
360,328,0.5421070075757576,500,114493.0
361,3,0.1929025889475108,500,35648.3984375
361,234,0.006045622649016204,1000,1436.43994140625
361,461,0.6865050505050505,500,271856.0
362,4,0.04873519351002927,1000,14152.7001953125
362,343,0.23282089167343073,750,86050.6015625
362,527,0.21669492993796663,750,78946.296875
363,4,0.2111496169845779,500,78040.8984375
363,373,0.26097645681141773,500,96456.8984375
363,397,0.3284145021645022,500,121382.0
364,5,0.07568156664299241,1000,29969.900390625
364,218,0.3114141414141414,500,123320.0
364,334,0.0007007413096242137,1000,129.4969940185547
365,5,0.023688005543718433,500,9380.4501953125
365,334,0.07638686671401515,500,30249.19921875
365,335,0.24778182212752525,1000,98121.6015625
366,6,0.08899949692234849,500,35243.80078125
366,196,0.2555126262626262,500,101183.0
366,441,0.015367045701152148,500,6085.35009765625
367,7,0.016579789330949,500,6127.89013671875
367,60,0.3031168831168831,500,112032.0
367,280,0.05245151712436869,1000,20770.80078125
367,438,0.25490656565656566,1000,100943.0
368,8,0.1365131293402778,500,54059.19921875
368,297,0.0020429633436225233,1000,701.14501953125
368,298,0.002950495295313409,500,1012.609985351562
369,8,0.1441934382891414,500,57100.6015625
369,295,0.13472803227588384,500,53352.30078125
369,296,0.025313383673979378,1000,6014.4599609375
370,9,0.03319040502683081,500,13143.400390625
370,260,0.17859495344065657,750,70723.6015625
370,262,0.054204796993371204,1000,21465.099609375
371,10,0.2875934343434343,500,113887.0
371,251,0.02195003162730824,1000,6953.77001953125
371,388,0.23264255660296143,750,67559.3984375
372,11,0.2227013790246212,500,70551.796875
372,256,0.25247239414231604,1500,93313.796875
372,399,0.07102299677861201,1500,26250.099609375
373,12,0.002156745359336302,500,740.1950073242188
373,268,0.04661157024793388,500,13536.0
373,363,0.26097645681141773,500,96456.8984375
374,12,0.03275351784446023,500,12105.7001953125
374,268,0.0009749035795858085,500,283.1119995117188
374,333,0.4300641025641026,500,147598.0
375,13,0.03514046717171717,1000,11132.5
375,157,0.4406691919191919,500,174505.0
375,356,0.12058863784327652,1000,31835.400390625
376,16,0.13143863439078282,1000,52049.69921875
376,350,0.1046411009509154,500,33150.30078125
376,484,0.4916044372294372,500,181697.0
377,16,0.0023072979859631473,500,913.6900024414062
377,350,0.1575775232796717,2000,62400.69921875
377,450,0.30577777777777776,0,121088.0
378,17,0.09963610716540404,500,39455.8984375
378,282,0.3460926573426574,500,118779.0
378,338,0.003958509965376419,500,1567.569946289062
379,17,0.006689040675307765,500,2648.860107421875
379,210,0.20449873737373736,500,80981.5
379,338,0.10356767874053029,500,41012.80078125
380,18,0.08262034027170746,500,28355.30078125
380,175,0.0179547787824155,2000,6162.080078125
380,547,0.207583648989899,1000,65762.5
381,18,0.08134814049586776,500,23623.5
381,277,0.13931439640546087,1000,44134.80078125
381,278,0.011938257699060921,500,3782.0400390625
382,19,0.027423231336805555,500,10859.599609375
382,290,0.3831818181818182,1000,151740.0
382,331,0.0299686858822601,1000,11867.599609375
383,19,0.024981322388548954,500,8573.58984375
383,331,0.175846588443024,500,27854.099609375
383,351,0.1951575076941288,500,61825.8984375
384,20,0.02267062604919938,1000,6583.5498046875
384,310,0.004206680423957258,1000,1221.619995117188
384,311,0.07265013639591941,500,21097.599609375
385,20,0.07213498622589531,500,20948.0
385,311,0.005299545750473485,1000,2098.6201171875
385,493,0.357510101010101,1000,141574.0
386,21,0.05921937884706439,250,18760.69921875
386,481,0.20209438131313132,0,64023.5
386,488,0.11490504655934343,2000,45502.3984375
387,22,0.00422761691174888,500,1227.699951171875
387,103,0.08351186671401516,500,33070.69921875
387,431,0.5820238095238095,500,215116.0
387,504,0.8981887052341597,500,260834.0
388,23,0.5348243801652893,500,155313.0
388,371,0.23264255660296143,750,67559.3984375
388,470,0.11411525974025975,500,42177.0
389,24,0.3066666666666667,1000,121440.0
389,120,0.1704913462188853,500,63013.6015625
389,121,0.012474173553719008,750,3622.5
390,24,0.02283126789019456,750,6630.2001953125
390,95,0.30505050505050507,500,120800.0
390,121,0.3575429292929293,500,141587.0
390,491,0.32053030303030305,500,126930.0
391,26,0.006899377732049851,500,2550.010009765625
391,291,0.22370107323232322,1000,70868.5
391,303,0.04367180630242153,1000,16141.099609375
392,27,0.36333677685950416,1000,105513.0
392,224,0.13349747474747475,1000,31719.0
392,332,0.1888744588744589,1000,69808.0
393,28,0.04920248068397039,500,14288.400390625
393,219,0.3502222222222222,500,138688.0
393,336,0.15585479797979798,1000,61718.5
394,29,0.30031508264462814,500,87211.5
394,413,0.17589610178233225,500,65011.19921875
394,445,0.054491951682350846,500,11508.7001953125
395,29,0.16650270140016235,500,61539.3984375
395,125,0.18277979008838383,0,72380.796875
395,358,0.25317774348047783,2000,86890.6015625
396,30,0.07415176669034092,500,29364.099609375
396,228,0.03257809809745179,500,9460.6796875
396,229,0.04398055752840909,500,17416.30078125
397,31,0.3237418831168831,500,119655.0
397,342,0.01360741289147051,500,5029.2998046875
397,363,0.3284145021645022,500,121382.0
398,31,0.039807505541924935,500,11560.099609375
398,225,0.04846384432033402,500,14073.900390625
398,342,0.41659779614325065,750,120980.0
399,32,0.125877749440427,500,36554.8984375
399,372,0.07102299677861201,1500,26250.099609375
399,436,0.34877777777777774,1000,138116.0
400,32,0.038390151515151516,500,11148.5
400,255,0.303103354978355,1000,112027.0
400,437,0.2887229437229437,500,106712.0
401,33,0.01593515107125947,500,6310.31982421875
401,138,0.17678463626217533,500,65339.6015625
401,201,0.1340359827347132,500,49539.69921875
402,34,0.1594788918763528,500,58943.3984375
402,39,0.13891736075241046,500,40341.6015625
402,408,0.11129097930655993,500,32318.900390625
402,470,0.22624080509334418,1000,83618.6015625
403,35,0.08515323691460056,1000,24728.5
403,181,0.038863636363636364,1000,14364.0
403,518,0.10491369470373375,1000,38776.1015625
404,37,0.16518005247790404,1000,65411.30078125
404,469,0.2510699143422865,500,72910.703125
404,497,0.3942397186147186,500,145711.0
405,37,0.3181859611742424,500,92401.203125
405,179,0.0678873747238005,1000,26883.400390625
405,515,0.18764545849116163,1000,74307.6015625
406,38,0.053989668076360194,1000,15678.599609375
406,270,0.24967388731060608,1000,72505.296875
406,271,0.1790340909090909,1000,61444.5
407,38,0.3115735973011364,1000,57578.80078125
407,271,0.009769534816989653,1000,1805.410034179688
407,527,0.05942803276909722,1000,18826.80078125
408,39,0.03992771341343119,500,12649.099609375
408,71,0.21331955922865012,1000,61948.0
408,99,0.31441769434400824,1000,91306.8984375
408,402,0.11129097930655993,500,32318.900390625
408,455,0.24493832014339825,1000,90529.203125
409,41,0.2846807359307359,1000,105218.0
409,267,0.24012904434974747,1000,95091.1015625
409,428,0.36421969696969697,1000,144231.0
410,42,0.037925756589330804,1000,15018.599609375
410,305,0.08557610461862948,1000,24851.30078125
410,306,0.017465288987172867,1000,5071.919921875
411,42,0.016182070953677397,500,6408.10009765625
411,222,0.007896186597419507,500,3126.889892578125
411,306,0.03815707120028409,1000,15110.2001953125
412,43,0.05700757575757576,500,12040.0
412,157,0.17592045723570937,500,51087.30078125
412,463,0.41267424242424244,500,163419.0
413,43,0.3963535353535353,500,156956.0
413,394,0.17589610178233225,500,65011.19921875
413,459,0.43890734265734266,500,150633.0
414,44,0.05322752426609849,500,21078.099609375
414,451,0.3182752525252525,1000,126037.0
414,468,0.20010175978535355,1000,79240.296875
415,44,0.39956818181818177,500,158229.0
415,323,0.06760064723687771,500,24985.19921875
415,484,0.07532413631290585,500,27839.80078125
416,45,0.023822853781960227,500,3773.5400390625
416,193,0.13965630918560606,500,55303.8984375
416,486,0.18171515940656566,500,71959.203125
417,46,0.019123725155496728,1000,5553.52978515625
417,437,0.24056261837121212,1000,95262.796875
417,507,0.3656092171717172,500,115825.0
418,46,0.27102002164502165,500,100169.0
418,322,0.43413961038961035,500,160458.0
418,508,0.3118208874458875,500,115249.0
419,47,0.017239141496343646,1000,4096.02001953125
419,68,0.3492272727272727,1000,138294.0
419,450,0.3462222222222222,2000,137104.0
419,510,0.4153156565656566,1500,164465.0
420,48,0.09261295034865702,1000,26894.80078125
420,238,0.013486060864997632,1000,3560.320068359375
420,349,0.4208712121212121,1000,133332.0
421,49,0.12460227272727273,1500,29605.5
421,347,0.08836218062536422,2000,30325.900390625
421,355,0.020954720734994173,1500,7191.66015625
422,49,0.007497316610933555,1000,2375.14990234375
422,355,0.10295296717171717,2000,32615.5
422,539,0.14804230044586492,2000,46899.80078125
423,50,0.11398214497091451,1000,21063.900390625
423,325,0.07035460145323427,2000,24145.69921875
423,326,0.04971241486378205,0,17061.30078125
424,51,0.006245970923053333,1000,1813.829956054688
424,332,0.02501203646162142,1000,5942.85986328125
424,342,0.42058712121212116,500,133242.0
425,51,0.3383271457472452,500,98250.203125
425,220,0.11738067759063853,1000,43383.8984375
425,475,0.12876893939393938,500,47593.0
426,52,0.33286363636363636,500,131814.0
426,305,0.09420707070707071,1000,37306.0
426,352,0.21134670928030302,1000,83693.296875
427,52,0.0009629717740145597,500,279.6470031738281
427,227,0.3211769480519481,1000,118707.0
427,352,0.4542207792207792,1000,167880.0
428,53,0.012033661813446969,1000,4765.330078125
428,409,0.36421969696969697,1000,144231.0
428,479,0.4771313131313132,1000,188944.0
429,54,0.018636792732007575,500,7380.169921875
429,148,0.07528234379552738,500,25836.900390625
429,229,0.3486388888888889,500,138061.0
430,54,0.37463203463203465,500,138464.0
430,151,0.6517261904761905,500,240878.0
430,152,0.057543730092114324,1000,16710.69921875
431,55,0.0040766774627553435,1000,1506.739990234375
431,387,0.5820238095238095,500,215116.0
431,530,0.008232765362892316,1000,3042.830078125
432,55,0.009840805852380338,500,2857.77001953125
432,235,0.04661914667807335,500,13538.2001953125
432,530,0.003809779563882789,500,1106.359985351562
433,56,0.04318989701704545,1000,17103.19921875
433,73,0.22815605271464645,1000,90349.796875
433,458,0.2554520202020202,500,101159.0
433,515,0.14627196772411616,1000,57923.69921875
434,57,0.13597552675189392,500,46666.80078125
434,87,0.12103187638099748,1500,38342.8984375
434,178,0.29969967532467534,1500,110769.0
434,322,0.34942171717171716,0,138371.0
435,58,0.0961418105616714,500,40610.30078125
435,276,0.5899242424242425,1000,202462.0
435,287,0.11548169685132575,1000,36584.6015625
436,59,0.00600512633660827,500,2378.030029296875
436,258,0.3635151515151515,1000,143952.0
436,399,0.34877777777777774,1000,138116.0
437,59,0.28403409090909093,500,104979.0
437,400,0.2887229437229437,500,106712.0
437,417,0.24056261837121212,1000,95262.796875
438,60,0.15756304323931278,500,58235.30078125
438,367,0.25490656565656566,1000,100943.0
438,518,0.32605555555555554,1000,129118.0
439,61,0.018410681522253787,750,7290.6298828125
439,322,0.02278030303030303,750,9021.0
439,457,0.4146111111111111,0,164186.0
440,62,0.06343409189551769,500,25119.900390625
440,516,0.16950909485479798,0,67125.6015625
440,517,0.4557121212121212,1000,180462.0
441,62,0.30424747474747477,500,120482.0
441,366,0.015367045701152148,500,6085.35009765625
441,477,0.3628583916083916,500,124533.0
442,63,0.3573701298701299,500,132084.0
442,455,0.22061259792527546,1000,64065.8984375
442,498,0.0873770688059573,1000,25374.30078125
443,63,0.31301136363636367,500,115689.0
443,258,0.0017354924365727588,1000,687.2550048828125
443,526,0.20032323232323232,1000,79328.0
444,64,0.036691162109375,500,14529.7001953125
444,357,0.18385000394570705,2000,72804.6015625
444,358,0.0805835848721591,0,31911.099609375
445,64,0.09736287681502526,500,38555.69921875
445,358,0.002563929071767928,1000,744.5650024414062
445,394,0.054491951682350846,500,11508.7001953125
446,65,0.00675467196377841,1000,2674.85009765625
446,276,0.342979797979798,1000,135820.0
446,330,0.143545741368007,1000,49264.8984375
447,65,0.11506060606060606,1000,45564.0
447,180,0.7182925407925408,2000,246518.0
447,330,0.02621222377808626,1000,7612.02978515625
448,66,0.00818612036766944,500,3025.590087890625
448,247,0.6016792929292929,1000,238265.0
448,319,0.15555628128382035,1000,57493.6015625
449,67,0.10255785392992424,500,29782.80078125
449,327,0.08933585858585859,500,35377.0
449,460,0.6549318181818182,500,259353.0
450,68,0.029681819238704003,500,10970.400390625
450,377,0.30577777777777776,2000,121088.0
450,419,0.3462222222222222,0,137104.0
451,69,0.31800865800865796,500,117536.0
451,323,0.10488181620896464,1000,41533.19921875
451,414,0.3182752525252525,1000,126037.0
452,69,0.10665232472605521,500,39418.69921875
452,276,0.05531574463947511,500,20444.69921875
452,487,0.17685984848484848,1000,46691.0
453,70,0.0458219703695334,1000,13306.7001953125
453,204,0.05150883838383838,750,16318.0
453,265,0.051844986068618884,1500,17793.19921875
454,70,0.022783036665482953,500,8420.6103515625
454,203,0.08128841779964827,500,30044.19921875
454,204,0.11579629300820707,1000,27513.19921875
455,71,0.016293904958677687,1000,4731.75
455,408,0.24493832014339825,1000,90529.203125
455,442,0.22061259792527546,1000,64065.8984375
456,72,0.022583436571862087,500,6558.22998046875
456,129,0.026091528858363466,1000,7576.97998046875
456,130,0.30308441558441557,500,112020.0
457,72,0.019196888316761362,500,7095.169921875
457,439,0.4146111111111111,3000,164186.0
457,467,0.08746438999368687,0,34635.8984375
458,73,0.0059650250059185604,1000,2362.14990234375
458,310,0.24624729437229437,1000,91013.0
458,433,0.2554520202020202,500,101159.0
459,74,0.08764431670217804,500,23138.099609375
459,239,0.15098295454545455,500,39859.5
459,413,0.43890734265734266,500,150633.0
460,75,0.06574343532986111,500,26034.400390625
460,328,0.3490963203463204,1000,129026.0
460,449,0.6549318181818182,500,259353.0
461,75,0.1575047940340909,500,62371.8984375
461,361,0.6865050505050505,500,271856.0
461,504,0.0678103545217803,500,26852.900390625
462,76,0.33254662004662006,1000,114130.0
462,293,0.11958740803467366,1000,41042.3984375
462,349,0.0028391597947470086,1500,824.4920043945312
463,77,0.08189248251748252,500,28105.5
463,236,0.19676136363636365,500,67528.5
463,412,0.41267424242424244,500,163419.0
464,78,0.38046487603305784,500,110487.0
464,283,0.37565268065268065,1000,128924.0
464,354,0.09107634146452506,1500,31257.400390625
465,78,0.01764463909300335,500,6055.64013671875
465,134,0.11570425180288461,1000,39709.69921875
465,354,0.4100068870523416,1000,119066.0
466,79,0.35203379953379954,500,120818.0
466,270,0.04032754010695187,1000,18099.0
466,272,0.14303030303030304,1000,49088.0
467,80,0.36223214285714284,500,133881.0
467,350,0.1550532867739899,0,61401.1015625
467,457,0.08746438999368687,2000,34635.8984375
468,80,0.2979897186147186,500,110137.0
468,91,0.3924485930735931,500,145049.0
468,279,0.1328757595486111,500,52618.80078125
468,414,0.20010175978535355,1000,79240.296875
469,81,0.296969696969697,500,109760.0
469,249,0.02277630934702135,500,6614.240234375
469,404,0.2510699143422865,500,72910.703125
470,81,0.2553929117165978,500,74166.1015625
470,388,0.11411525974025975,500,42177.0
470,402,0.22624080509334418,1000,83618.6015625
471,82,0.1619932338169643,500,59872.69921875
471,151,0.14914177700554654,1000,55122.80078125
471,344,0.07026894045082521,500,25971.400390625
472,83,0.061946969696969695,500,24531.0
472,261,0.16958005839646464,2500,67153.703125
472,490,0.1636984887941919,0,64824.6015625
473,83,0.006014359319177211,500,1746.569946289062
473,282,0.12226974685470779,500,45190.8984375
473,341,0.30545202020202017,1000,120959.0
474,84,0.010618695676068723,500,3924.669921875
474,208,0.5594283746556474,1000,162458.0
474,338,0.42657196969696975,500,157661.0
475,85,0.08733089826839827,500,32277.5
475,342,0.06937770562770562,500,25642.0
475,425,0.12876893939393938,500,47593.0
476,85,0.06904137529137529,500,23695.0
476,214,0.2941504329004329,500,108718.0
476,225,0.3788024475524476,1000,130005.0
477,86,0.2718285123966942,500,78939.0
477,197,0.057424661655618686,500,13644.099609375
477,441,0.3628583916083916,500,124533.0
478,86,0.24227687026515152,500,70357.203125
478,188,0.41332459207459205,1000,141853.0
478,514,0.8591666666666666,500,294866.0
479,88,0.1476442120704816,500,54569.30078125
479,164,0.3258989898989899,1000,129056.0
479,428,0.4771313131313132,1000,188944.0
480,88,0.33396103896103896,500,123432.0
480,164,0.11031466661593614,500,40772.30078125
480,165,0.519862012987013,500,192141.0
481,89,0.24372808018804112,500,90081.8984375
481,386,0.20209438131313132,2000,64023.5
481,518,0.14277164079410173,0,52768.3984375
482,89,0.12328964449179293,500,48822.69921875
482,148,0.23526945233585855,2500,93166.703125
482,525,0.0986081025094697,0,33842.30078125
483,90,0.0009931439276240745,500,288.4089965820312
483,111,0.015812362797004133,1000,4591.91015625
483,523,0.14242508088699496,750,33840.19921875
484,91,0.017229514073843908,500,5458.31005859375
484,376,0.4916044372294372,500,181697.0
484,415,0.07532413631290585,500,27839.80078125
485,92,0.3536212121212121,500,140034.0
485,198,0.06323705808080808,500,20033.5
485,516,0.6123901613794192,1000,97002.6015625
486,92,0.3804116161616162,500,150643.0
486,191,0.0006363106159248738,500,251.97900390625
486,416,0.18171515940656566,500,71959.203125
487,93,0.28108225108225104,500,103888.0
487,324,0.21866422314664505,500,80818.296875
487,452,0.17685984848484848,1000,46691.0
488,93,0.3036850649350649,1000,112242.0
488,330,0.317219696969697,1000,125619.0
488,386,0.11490504655934343,0,45502.3984375
489,94,0.0055657071200284096,500,2204.02001953125
489,146,0.5329269972451791,500,154762.0
489,215,0.39182828282828286,1000,155164.0
490,94,0.20871010890151517,500,82649.203125
490,472,0.1636984887941919,2500,64824.6015625
490,501,0.3693308080808081,0,146255.0
491,95,0.02223555624605429,500,8805.2802734375
491,357,0.2918587662337662,500,107871.0
491,390,0.32053030303030305,500,126930.0
492,96,0.14769090317234848,1000,38990.3984375
492,252,0.024567803837379477,1000,7134.490234375
492,253,0.03259414546745868,500,9465.33984375
493,96,0.04818560833697552,1000,16537.30078125
493,124,0.00978598484848485,1000,3875.25
493,385,0.357510101010101,1000,141574.0
494,97,0.025702163233901513,500,9499.51953125
494,351,0.3161498917748918,500,116849.0
494,352,0.1928517316017316,750,71278.0
495,97,0.1783814850514069,750,65929.796875
495,343,0.5670808179450758,500,89825.6015625
495,352,0.06397424439709595,1000,25333.80078125
496,98,0.007162954619436552,500,2836.530029296875
496,146,0.43311417748917747,500,160079.0
496,333,0.03539685371594551,500,12148.2001953125
497,99,0.03475275549350034,1000,10092.2001953125
497,404,0.3942397186147186,500,145711.0
497,499,0.5253684573002755,1000,152567.0
498,100,0.001121542749326091,1000,325.6960144042969
498,252,0.1971950673024892,1000,72883.296875
498,442,0.0873770688059573,1000,25374.30078125
499,100,0.18604292436079545,500,58938.3984375
499,250,0.35224862258953166,1000,102293.0
499,497,0.5253684573002755,1000,152567.0
500,101,0.01011328309955019,500,4004.860107421875
500,274,0.13266540404040406,1000,52535.5
500,335,0.038375,1000,15196.5
501,101,0.12529166666666666,500,49615.5
501,274,0.043005810053661615,0,17030.30078125
501,490,0.3693308080808081,2500,146255.0
502,102,0.0048490150528724746,500,1920.2099609375
502,165,0.4506338383838384,500,178451.0
502,166,0.3153484848484848,500,124878.0
503,102,0.16748283617424242,500,66323.203125
503,263,0.2270005873033217,1000,77906.6015625
503,264,0.5110479797979798,500,202375.0
504,103,0.03980176767676768,500,15761.5
504,387,0.8981887052341597,500,260834.0
504,461,0.0678103545217803,500,26852.900390625
505,104,0.0026996007888189285,1000,926.5029907226562
505,156,0.4004407713498623,1000,116288.0
505,312,0.016253443526170797,1000,4720.0
506,104,0.013941287594241696,1000,4784.64990234375
506,312,0.001450297215601781,1000,497.7420043945312
506,314,0.028470454052241165,1000,11274.2998046875
507,105,0.25790584415584417,500,95322.0
507,318,0.2699258700284091,500,99764.6015625
507,417,0.3656092171717172,500,115825.0
508,105,0.028214285714285713,1000,10428.0
508,172,0.025046036726944932,1000,8595.7998046875
508,418,0.3118208874458875,500,115249.0
509,106,0.05104993723859691,1000,8086.31005859375
509,160,0.21305957300275483,500,61872.5
509,161,0.2039383581912879,500,59223.69921875
510,107,0.03797658536716598,1000,11028.400390625
510,419,0.4153156565656566,1500,164465.0
510,533,0.21865792085518646,2500,75043.3984375
511,107,0.3614979338842975,500,104979.0
511,171,0.1382290187026515,1500,47440.19921875
511,532,0.034697843253751456,2000,11908.2998046875
512,108,0.025148437962387547,1000,5311.35009765625
512,202,0.03553815040753518,1000,6567.4501953125
512,337,0.023704028589337983,1000,6883.64990234375
513,108,0.012632474648832069,500,5002.4599609375
513,199,0.16446438999368687,1000,65127.8984375
513,337,0.028542929292929294,1000,11303.0
514,109,0.11945050110479798,500,47302.3984375
514,263,0.6161666666666666,500,244002.0
514,478,0.8591666666666666,500,294866.0
515,237,0.04192768527784952,500,12175.7998046875
515,405,0.18764545849116163,1000,74307.6015625
515,433,0.14627196772411616,1000,57923.69921875
516,196,0.44880303030303026,500,177726.0
516,199,0.2998409090909091,0,118737.0
516,440,0.16950909485479798,1000,67125.6015625
516,485,0.6123901613794192,1000,97002.6015625
517,190,0.00038794696692264445,500,153.6269989013672
517,193,0.31333838383838386,500,124082.0
517,262,0.09943232125946969,2000,39375.19921875
517,440,0.4557121212121212,0,180462.0
518,403,0.10491369470373375,1000,38776.1015625
518,438,0.32605555555555554,1000,129118.0
518,481,0.14277164079410173,2000,52768.3984375
519,158,0.03136246972428613,500,10763.599609375
519,284,0.0011423832479149404,500,361.9070129394531
519,285,0.5565854978354978,500,205714.0
520,136,0.0015242644993945806,1000,482.8869934082031
520,160,0.2944463869463869,1000,101054.0
520,161,0.04776244588744589,3000,17653.0
520,521,0.18042072510822513,0,66683.5
521,143,0.03340620329885772,1000,7055.39013671875
521,144,0.3181672494172494,1500,109195.0
521,192,0.039210858585858585,500,12422.0
521,520,0.18042072510822513,3000,66683.5
522,258,0.1154968385022096,1000,36589.3984375
522,259,0.003490572328920718,1000,829.3599853515625
522,523,0.15704962713068182,750,41461.1015625
522,524,0.06381852751592632,500,18532.900390625
523,246,0.002026447848438815,1500,481.4840087890625
523,318,0.3323322510822511,1000,122830.0
523,483,0.14242508088699496,750,33840.19921875
523,522,0.15704962713068182,750,41461.1015625
524,111,0.00962924286813447,1000,2542.1201171875
524,254,0.0007381818051508964,1000,214.3679962158203
524,522,0.06381852751592632,500,18532.900390625
524,526,0.1244616181344697,1000,49286.80078125
525,152,0.15927137234510283,750,58866.69921875
525,232,0.0008448647007797703,750,312.2619934082031
525,345,0.3566025641025641,0,122386.0
525,482,0.0986081025094697,2500,33842.30078125
526,124,0.23988711332070708,1000,94995.296875
526,253,0.16171438999368687,1000,64038.8984375
526,443,0.20032323232323232,1000,79328.0
526,524,0.1244616181344697,1000,49286.80078125
527,332,0.2949747474747475,2500,116810.0
527,351,0.5609974747474747,0,222155.0
527,362,0.21669492993796663,750,78946.296875
527,407,0.05942803276909722,1000,18826.80078125
528,184,0.1953171756628788,0,77345.6015625
528,211,0.010211498706371752,500,3774.169921875
528,274,0.03497474747474747,2000,13850.0
529,212,0.04101931670217803,1000,10829.099609375
529,335,0.01884249970407197,500,4974.419921875
530,67,0.36767676767676766,500,145600.0
530,309,0.08464118726325758,500,24579.80078125
530,431,0.008232765362892316,1000,3042.830078125
530,432,0.003809779563882789,500,1106.359985351562
531,162,0.001418457346514237,500,411.9200134277344
531,163,0.5059469696969697,500,146927.0
531,260,0.09241716974431818,0,36597.19921875
531,262,0.14038257575757576,1000,55591.5
532,170,0.0784965034965035,2000,26940.0
532,511,0.034697843253751456,2000,11908.2998046875
532,544,0.1665207149621212,1000,65942.203125
533,510,0.21865792085518646,2500,75043.3984375
533,544,0.024882576326668123,2000,8539.7001953125
533,545,0.014948892660074299,2500,5130.4599609375
534,49,0.06226818477746213,500,16438.80078125
534,544,0.29921620046620045,2000,102691.0
535,329,0.2149184149184149,2500,73760.0
535,546,0.02742957481971154,2500,9413.830078125
536,345,0.11691928676791957,2500,40126.69921875
536,346,0.08040384501566142,3500,27594.599609375
537,292,0.1521340280812937,3000,52212.3984375
537,353,0.017554866195002912,3000,6024.830078125
538,345,0.09426041420059975,1000,29861.69921875
538,547,0.004744570568354444,1000,1503.079956054688
539,353,0.2214412928109217,2000,70152.6015625
539,422,0.14804230044586492,2000,46899.80078125
540,292,0.17053525413388695,3500,58527.69921875
540,548,0.011761305304396124,3500,4036.47998046875
541,346,0.11515326795600232,3500,39520.6015625
541,548,0.017471649241058422,3500,5996.27001953125
542,293,0.052061189949373546,3000,17867.400390625
542,348,0.01883617424242424,1500,4972.75
543,347,0.21423834954108392,3000,73526.6015625
543,348,0.08043771043771043,1500,19112.0
544,532,0.1665207149621212,1000,65942.203125
544,533,0.024882576326668123,2000,8539.7001953125
544,534,0.29921620046620045,2000,102691.0
544,545,0.016722373885337753,1000,6622.06005859375
545,355,0.14135832938762624,3000,55977.8984375
545,533,0.014948892660074299,2500,5130.4599609375
545,544,0.016722373885337753,1000,6622.06005859375
545,546,0.32080050505050506,1000,127037.0
546,176,0.0024916025086160584,2500,855.1179809570312
546,535,0.02742957481971154,2500,9413.830078125
546,545,0.32080050505050506,1000,127037.0
547,380,0.207583648989899,1000,65762.5
547,538,0.004744570568354444,1000,1503.079956054688
548,540,0.011761305304396124,3500,4036.47998046875
548,541,0.017471649241058422,3500,5996.27001953125
0,3,0.000001,0,0.0
0,8,0.000001,0,0.0
0,18,0.000001,0,0.0
0,30,0.000001,0,0.0
0,48,0.000001,0,0.0
0,49,0.000001,0,0.0
0,74,0.000001,0,0.0
0,76,0.000001,0,0.0
0,77,0.000001,0,0.0
0,78,0.000001,0,0.0
0,82,0.000001,0,0.0
