(114,125) 29 
(115,114) 29 
(121,323) 77 
(122,124) 32 
(123,122) 32 
(124,528) 32 
(125,397) 16 
(148,353) 228 
(153,293) 2 
(157,377) 90 
(170,534) 1 
(174,175) 8 
(175,174) 49 
(176,347) 194 
(183,348) 4 
(230,152) 46 
(236,465) 2 
(237,517) 174 
(247,450) 107 
(258,438) 224 
(278,230) 46 
(293,393) 32 
(300,301) 118 
(312,237) 175 
(313,386) 182 
(315,313) 155 
(319,318) 2 
(320,509) 220 
(321,320) 30 
(327,293) 20 
(329,296) 4 
(332,449) 9 
(334,182) 250 
(349,170) 1 
(352,378) 199 
(353,385) 1 
(353,529) 73 
(356,294) 50 
(358,247) 38 
(359,493) 187 
(360,446) 73 
(362,330) 2 
(363,463) 2 
(370,300) 118 
(378,486) 224 
(382,549) 40 
(385,333) 1 
(389,433) 2 
(391,120) 3 
(392,121) 187 
(393,305) 32 
(397,360) 16 
(414,157) 13 
(417,325) 212 
(420,324) 231 
(423,357) 66 
(432,151) 12 
(438,401) 224 
(439,402) 254 
(441,324) 265 
(446,359) 83 
(450,321) 107 
(454,277) 15 
(462,451) 25 
(463,506) 2 
(464,295) 4 
(465,414) 11 
(467,356) 1 
(470,280) 242 
(473,346) 121 
(486,417) 212 
(493,392) 187 
(497,345) 93 
(506,389) 2 
(509,419) 254 
(510,420) 231 
(512,421) 135 
(513,171) 144 
(527,484) 257 
(528,445) 11 
(529,334) 237 
(532,311) 3 
(538,347) 2 
(540,347) 40 
(549,540) 40 
