(114,125) 34 
(115,114) 34 
(121,323) 94 
(122,124) 61 
(123,122) 61 
(124,528) 42 
(125,397) 26 
(148,353) 214 
(157,377) 114 
(174,175) 7 
(176,347) 191 
(183,348) 8 
(230,152) 37 
(236,465) 5 
(237,517) 177 
(247,450) 149 
(258,438) 216 
(278,230) 37 
(293,393) 61 
(300,301) 135 
(312,237) 177 
(313,386) 191 
(315,313) 153 
(320,509) 227 
(321,320) 30 
(327,293) 27 
(329,296) 3 
(332,449) 13 
(333,332) 1 
(334,182) 235 
(352,378) 175 
(353,385) 2 
(353,529) 56 
(358,247) 95 
(359,493) 196 
(360,446) 147 
(362,330) 3 
(370,300) 135 
(378,486) 202 
(382,549) 27 
(385,333) 2 
(391,120) 2 
(392,121) 196 
(393,305) 61 
(397,360) 26 
(414,157) 25 
(417,325) 175 
(420,324) 232 
(423,357) 86 
(432,151) 67 
(438,401) 216 
(439,402) 238 
(441,324) 258 
(446,359) 143 
(450,321) 149 
(454,277) 20 
(461,415) 2 
(462,451) 36 
(464,295) 1 
(465,414) 24 
(470,280) 196 
(473,346) 154 
(486,417) 175 
(493,392) 195 
(497,345) 91 
(509,419) 238 
(510,420) 232 
(512,421) 93 
(513,171) 173 
(527,484) 260 
(528,445) 8 
(529,334) 207 
(538,347) 5 
(540,347) 27 
(549,540) 27 
