(114,125) 57 
(115,114) 57 
(121,323) 114 
(122,124) 183 
(123,122) 183 
(124,528) 135 
(125,397) 48 
(148,353) 331 
(148,431) 1 
(153,293) 41 
(153,317) 1 
(157,158) 4 
(157,377) 136 
(158,157) 40 
(158,521) 4 
(170,534) 37 
(173,321) 6 
(174,175) 55 
(175,174) 37 
(176,347) 234 
(183,348) 6 
(214,478) 1 
(225,400) 1 
(226,227) 1 
(227,429) 1 
(229,398) 1 
(230,152) 124 
(235,434) 20 
(236,465) 15 
(237,517) 221 
(247,450) 91 
(253,494) 138 
(258,438) 251 
(269,376) 1 
(270,269) 1 
(278,230) 124 
(286,521) 36 
(293,393) 183 
(294,356) 2 
(294,542) 1 
(295,464) 1 
(300,301) 189 
(303,331) 4 
(312,237) 221 
(313,386) 239 
(315,313) 184 
(319,318) 41 
(320,509) 279 
(321,320) 266 
(326,489) 12 
(327,293) 127 
(327,319) 38 
(329,235) 20 
(329,296) 65 
(330,362) 1 
(332,449) 32 
(333,332) 228 
(334,182) 307 
(335,218) 1 
(341,214) 1 
(344,426) 1 
(349,170) 37 
(350,545) 37 
(352,378) 283 
(353,385) 244 
(353,529) 151 
(355,541) 3 
(356,294) 91 
(358,247) 145 
(359,493) 235 
(360,446) 262 
(362,330) 21 
(363,463) 2 
(370,300) 189 
(376,335) 1 
(378,486) 283 
(382,549) 118 
(385,333) 244 
(389,433) 2 
(391,120) 71 
(392,121) 235 
(393,305) 183 
(396,447) 3 
(397,360) 48 
(398,228) 1 
(410,404) 138 
(414,157) 17 
(415,396) 3 
(417,325) 283 
(420,324) 263 
(423,349) 14 
(423,357) 212 
(424,357) 67 
(424,541) 7 
(429,354) 1 
(431,229) 1 
(432,151) 215 
(434,532) 20 
(438,401) 251 
(439,402) 279 
(441,324) 310 
(445,258) 11 
(446,359) 262 
(450,321) 91 
(451,329) 94 
(454,277) 12 
(460,435) 2 
(461,415) 3 
(462,451) 94 
(463,506) 2 
(464,295) 20 
(465,414) 17 
(466,356) 31 
(467,356) 12 
(470,280) 241 
(472,390) 138 
(473,346) 272 
(484,148) 332 
(486,417) 283 
(493,392) 235 
(496,353) 83 
(497,345) 125 
(506,389) 2 
(509,419) 279 
(510,420) 263 
(512,421) 195 
(513,171) 257 
(521,158) 40 
(524,526) 2 
(525,524) 1 
(527,484) 332 
(528,445) 11 
(529,334) 322 
(532,311) 35 
(536,546) 104 
(538,347) 7 
(540,347) 118 
(541,355) 7 
(541,424) 3 
(542,550) 1 
(543,348) 1 
(544,350) 18 
(546,534) 3 
(546,535) 133 
(547,546) 10 
(547,548) 2 
(548,547) 3 
(549,540) 118 
(550,543) 1 
