(114,125) 38 
(115,114) 38 
(121,323) 98 
(122,124) 50 
(123,122) 47 
(124,528) 41 
(125,397) 24 
(148,353) 167 
(157,377) 99 
(174,175) 7 
(175,174) 30 
(176,347) 171 
(183,348) 9 
(230,152) 42 
(236,465) 6 
(237,517) 172 
(247,450) 140 
(258,438) 209 
(278,230) 42 
(293,393) 47 
(300,301) 132 
(312,237) 172 
(313,386) 179 
(315,313) 155 
(320,509) 209 
(321,320) 19 
(327,293) 23 
(329,296) 5 
(332,449) 19 
(333,332) 1 
(334,182) 247 
(352,378) 150 
(353,385) 1 
(353,529) 39 
(356,294) 30 
(358,247) 60 
(359,493) 186 
(360,446) 106 
(362,330) 4 
(363,463) 3 
(370,300) 132 
(378,486) 194 
(382,549) 28 
(385,333) 1 
(389,433) 3 
(391,120) 2 
(392,121) 186 
(393,305) 47 
(397,360) 27 
(414,157) 26 
(417,325) 177 
(420,324) 229 
(423,357) 61 
(432,151) 49 
(438,401) 209 
(439,402) 246 
(441,324) 268 
(446,359) 104 
(450,321) 140 
(454,277) 32 
(462,451) 23 
(463,506) 3 
(464,295) 3 
(465,414) 20 
(466,356) 1 
(470,280) 194 
(473,346) 124 
(486,417) 177 
(493,392) 184 
(497,345) 93 
(506,389) 3 
(509,419) 246 
(510,420) 229 
(512,421) 85 
(513,171) 159 
(527,484) 207 
(528,445) 7 
(529,334) 222 
(532,311) 4 
(536,546) 1 
(538,347) 5 
(540,347) 28 
(547,548) 2 
(549,540) 28 
