(114,125) 56 
(115,114) 56 
(121,323) 106 
(122,124) 180 
(123,122) 180 
(124,528) 125 
(125,397) 48 
(148,353) 332 
(153,293) 37 
(157,158) 2 
(157,377) 137 
(158,157) 32 
(158,521) 2 
(170,534) 39 
(173,321) 3 
(174,175) 55 
(175,174) 36 
(176,347) 237 
(183,348) 6 
(218,366) 1 
(230,152) 120 
(235,434) 25 
(236,465) 21 
(237,517) 225 
(247,450) 93 
(253,494) 129 
(258,438) 255 
(269,376) 2 
(270,269) 2 
(278,230) 120 
(283,380) 1 
(286,521) 30 
(293,393) 180 
(294,356) 1 
(300,301) 189 
(303,331) 1 
(312,237) 225 
(313,386) 243 
(315,313) 170 
(319,318) 37 
(320,509) 277 
(321,320) 270 
(326,489) 13 
(327,293) 136 
(327,319) 33 
(329,235) 25 
(329,296) 60 
(330,362) 1 
(331,348) 1 
(332,449) 24 
(333,332) 223 
(334,182) 305 
(335,218) 2 
(336,367) 1 
(340,476) 2 
(349,170) 39 
(350,545) 29 
(352,378) 283 
(353,385) 240 
(353,496) 1 
(353,529) 154 
(355,539) 1 
(355,541) 4 
(356,294) 84 
(358,247) 151 
(359,493) 225 
(360,446) 262 
(362,330) 20 
(363,463) 2 
(370,300) 189 
(376,335) 2 
(378,486) 283 
(380,340) 1 
(382,549) 116 
(385,333) 240 
(389,433) 2 
(391,120) 68 
(392,121) 225 
(393,305) 180 
(396,447) 6 
(397,360) 48 
(410,404) 129 
(414,157) 21 
(415,396) 6 
(417,325) 283 
(420,324) 264 
(423,349) 14 
(423,357) 218 
(424,357) 66 
(424,541) 8 
(432,151) 212 
(434,532) 25 
(438,401) 255 
(439,402) 277 
(441,324) 311 
(445,258) 8 
(446,359) 262 
(450,321) 93 
(451,329) 94 
(454,277) 13 
(461,415) 6 
(462,451) 94 
(463,506) 2 
(464,295) 25 
(465,414) 21 
(466,356) 30 
(467,356) 9 
(470,280) 247 
(472,390) 129 
(473,346) 266 
(484,148) 333 
(486,417) 283 
(493,392) 225 
(496,353) 82 
(497,345) 114 
(506,389) 2 
(509,419) 277 
(510,420) 264 
(512,421) 195 
(513,171) 253 
(521,158) 32 
(524,258) 3 
(524,526) 1 
(526,524) 3 
(527,484) 333 
(528,445) 8 
(529,334) 323 
(532,311) 36 
(534,546) 1 
(536,546) 101 
(538,347) 9 
(539,294) 1 
(540,347) 116 
(541,355) 8 
(541,424) 4 
(544,350) 20 
(546,534) 3 
(546,535) 139 
(547,546) 18 
(547,548) 1 
(548,547) 2 
(549,540) 116 
