(114,125) 23 
(115,114) 23 
(121,323) 113 
(122,124) 61 
(123,122) 61 
(124,528) 48 
(125,397) 15 
(148,353) 221 
(153,293) 1 
(157,377) 113 
(170,534) 1 
(174,175) 9 
(175,174) 27 
(176,347) 186 
(183,348) 9 
(230,152) 28 
(236,465) 2 
(237,517) 174 
(239,461) 2 
(243,242) 2 
(247,450) 147 
(258,438) 218 
(278,230) 28 
(293,393) 61 
(300,301) 151 
(312,237) 174 
(313,386) 188 
(315,313) 154 
(319,318) 1 
(320,509) 226 
(321,320) 19 
(327,293) 18 
(329,296) 5 
(332,449) 15 
(334,182) 242 
(349,170) 1 
(352,378) 172 
(353,385) 1 
(353,529) 51 
(356,294) 29 
(358,247) 90 
(359,493) 194 
(360,446) 136 
(362,330) 1 
(370,300) 151 
(378,486) 209 
(382,549) 23 
(385,333) 1 
(391,120) 6 
(392,121) 194 
(393,305) 61 
(397,360) 15 
(414,157) 18 
(417,325) 183 
(420,324) 228 
(423,349) 1 
(423,357) 66 
(432,151) 69 
(438,401) 218 
(439,402) 237 
(441,324) 259 
(446,359) 133 
(450,321) 146 
(454,277) 25 
(461,415) 3 
(462,451) 40 
(464,295) 4 
(465,414) 18 
(470,280) 197 
(473,346) 183 
(486,417) 183 
(493,392) 191 
(497,345) 97 
(509,419) 237 
(510,420) 228 
(512,421) 87 
(513,171) 165 
(527,484) 260 
(528,445) 10 
(529,334) 223 
(532,311) 3 
(538,347) 8 
(540,347) 23 
(549,540) 23 
