(114,125) 53 
(115,114) 53 
(121,323) 105 
(122,124) 182 
(123,122) 182 
(124,528) 128 
(125,397) 48 
(148,353) 336 
(153,293) 36 
(157,158) 2 
(157,377) 134 
(158,157) 31 
(158,521) 2 
(170,534) 26 
(173,321) 4 
(174,175) 50 
(175,174) 40 
(176,347) 237 
(183,348) 6 
(230,152) 114 
(235,434) 11 
(236,465) 17 
(237,517) 221 
(247,450) 100 
(253,494) 133 
(258,438) 250 
(278,230) 114 
(286,521) 29 
(293,393) 182 
(294,356) 3 
(294,542) 1 
(300,301) 197 
(312,237) 221 
(313,386) 238 
(315,313) 173 
(319,318) 35 
(320,509) 278 
(321,320) 266 
(326,489) 9 
(327,293) 134 
(327,319) 33 
(329,235) 11 
(329,296) 62 
(330,362) 1 
(332,449) 6 
(333,332) 228 
(334,182) 311 
(345,364) 1 
(349,170) 26 
(350,545) 29 
(352,130) 1 
(352,378) 282 
(353,385) 249 
(353,529) 119 
(355,541) 5 
(356,294) 90 
(358,247) 148 
(359,493) 223 
(360,446) 261 
(362,330) 18 
(363,463) 2 
(364,529) 1 
(370,300) 197 
(378,486) 282 
(382,549) 116 
(385,333) 249 
(389,433) 2 
(391,120) 73 
(392,121) 223 
(393,305) 182 
(396,447) 8 
(397,360) 48 
(410,404) 133 
(414,157) 22 
(415,396) 8 
(417,325) 282 
(420,324) 264 
(423,349) 10 
(423,357) 202 
(424,357) 81 
(424,541) 5 
(432,151) 219 
(434,532) 11 
(438,401) 250 
(439,402) 278 
(441,324) 314 
(445,258) 12 
(446,359) 261 
(450,321) 100 
(451,329) 81 
(454,277) 9 
(460,435) 1 
(461,415) 8 
(462,451) 81 
(463,506) 2 
(464,295) 33 
(465,414) 22 
(466,356) 31 
(467,356) 6 
(470,280) 269 
(472,390) 133 
(473,346) 271 
(484,148) 336 
(486,417) 282 
(493,392) 223 
(496,353) 51 
(497,345) 143 
(506,389) 2 
(509,419) 278 
(510,420) 264 
(512,421) 186 
(513,171) 260 
(521,158) 31 
(524,258) 1 
(524,526) 6 
(526,524) 3 
(527,484) 336 
(528,445) 12 
(529,334) 319 
(532,311) 26 
(534,546) 1 
(536,546) 106 
(538,347) 9 
(540,347) 116 
(541,355) 5 
(541,424) 5 
(542,550) 1 
(543,348) 1 
(544,350) 23 
(546,534) 7 
(546,535) 136 
(547,546) 16 
(547,548) 1 
(549,540) 116 
(550,543) 1 
