(114,125) 31 
(115,114) 32 
(121,323) 71 
(122,124) 51 
(123,122) 52 
(124,528) 48 
(125,397) 23 
(148,353) 262 
(157,377) 108 
(174,175) 29 
(175,174) 38 
(176,347) 220 
(183,348) 2 
(230,152) 69 
(236,465) 8 
(237,517) 203 
(247,450) 102 
(258,438) 239 
(278,230) 69 
(293,393) 51 
(300,301) 135 
(312,237) 203 
(313,386) 210 
(315,313) 139 
(320,509) 220 
(321,320) 24 
(327,293) 21 
(329,296) 10 
(332,449) 9 
(334,182) 269 
(352,378) 202 
(353,385) 2 
(353,529) 103 
(356,294) 73 
(358,247) 54 
(359,493) 207 
(360,446) 130 
(362,330) 13 
(370,300) 135 
(378,486) 231 
(382,549) 57 
(385,333) 2 
(391,120) 2 
(392,121) 207 
(393,305) 51 
(397,360) 22 
(414,157) 18 
(417,325) 221 
(420,324) 252 
(423,357) 54 
(424,541) 1 
(432,151) 17 
(438,401) 239 
(439,402) 268 
(441,324) 284 
(446,359) 134 
(450,321) 102 
(454,277) 12 
(462,451) 38 
(464,295) 11 
(465,414) 18 
(466,356) 18 
(470,280) 255 
(473,346) 186 
(486,417) 221 
(493,392) 201 
(497,345) 97 
(509,419) 268 
(510,420) 252 
(512,421) 170 
(513,171) 214 
(527,484) 292 
(528,445) 8 
(529,334) 280 
(532,311) 1 
(538,347) 2 
(540,347) 57 
(541,355) 1 
(549,540) 57 
