(114,125) 39 
(115,114) 40 
(121,323) 78 
(122,124) 42 
(123,122) 41 
(124,528) 38 
(125,397) 15 
(148,353) 169 
(153,293) 1 
(157,377) 87 
(170,534) 1 
(174,175) 9 
(175,174) 36 
(176,347) 177 
(183,348) 10 
(230,152) 37 
(236,465) 6 
(237,517) 172 
(247,450) 145 
(258,438) 208 
(278,230) 37 
(293,393) 42 
(300,301) 130 
(312,237) 174 
(313,386) 180 
(315,313) 143 
(319,318) 2 
(320,509) 210 
(321,320) 22 
(327,293) 22 
(329,296) 4 
(332,449) 18 
(334,182) 233 
(349,170) 1 
(352,378) 147 
(353,385) 3 
(353,529) 42 
(356,294) 37 
(358,247) 49 
(359,493) 167 
(360,446) 76 
(362,330) 2 
(363,463) 3 
(370,300) 130 
(378,486) 179 
(382,549) 31 
(385,333) 3 
(389,433) 3 
(392,121) 167 
(393,305) 41 
(397,360) 15 
(414,157) 20 
(417,325) 165 
(420,324) 225 
(423,357) 63 
(432,151) 45 
(438,401) 208 
(439,402) 245 
(441,324) 267 
(446,359) 89 
(450,321) 145 
(454,277) 22 
(462,451) 26 
(463,506) 3 
(464,295) 3 
(465,414) 19 
(470,280) 206 
(473,346) 133 
(486,417) 165 
(493,392) 166 
(497,345) 100 
(506,389) 3 
(509,419) 245 
(510,420) 225 
(512,421) 100 
(513,171) 143 
(527,484) 208 
(528,445) 12 
(529,334) 220 
(532,311) 6 
(536,546) 1 
(538,347) 5 
(540,347) 31 
(546,535) 1 
(549,540) 31 
