(114,125) 39 
(115,114) 39 
(121,323) 85 
(122,124) 38 
(123,122) 38 
(124,528) 36 
(125,397) 16 
(148,353) 166 
(153,293) 1 
(157,377) 95 
(174,175) 6 
(175,174) 38 
(176,347) 179 
(183,348) 6 
(230,152) 41 
(236,465) 1 
(237,517) 173 
(247,450) 138 
(258,438) 212 
(278,230) 41 
(293,393) 40 
(300,301) 128 
(312,237) 174 
(313,386) 183 
(315,313) 147 
(319,318) 1 
(320,509) 206 
(321,320) 19 
(327,293) 26 
(329,296) 5 
(332,449) 21 
(333,332) 1 
(334,182) 236 
(352,378) 158 
(353,385) 1 
(353,529) 47 
(356,294) 39 
(358,247) 52 
(359,493) 175 
(360,446) 92 
(362,330) 2 
(363,463) 2 
(370,300) 128 
(378,486) 199 
(382,549) 28 
(385,333) 1 
(389,433) 2 
(391,120) 1 
(392,121) 175 
(393,305) 40 
(397,360) 18 
(414,157) 17 
(417,325) 177 
(420,324) 226 
(423,349) 2 
(423,357) 82 
(432,151) 58 
(438,401) 212 
(439,402) 249 
(441,324) 266 
(446,359) 89 
(450,321) 137 
(454,277) 27 
(462,451) 26 
(463,506) 2 
(464,295) 4 
(465,414) 16 
(470,280) 196 
(473,346) 152 
(486,417) 177 
(493,392) 175 
(497,345) 92 
(506,389) 2 
(509,419) 249 
(510,420) 226 
(512,421) 101 
(513,171) 146 
(527,484) 205 
(528,445) 14 
(529,334) 222 
(532,311) 3 
(538,347) 4 
(540,347) 28 
(547,548) 1 
(549,540) 28 
