(114,125) 44 
(115,114) 44 
(121,323) 73 
(122,124) 36 
(123,122) 36 
(124,528) 35 
(125,397) 27 
(148,353) 247 
(153,293) 3 
(157,377) 96 
(170,534) 5 
(174,175) 23 
(175,174) 48 
(176,347) 221 
(183,348) 3 
(230,152) 54 
(236,465) 7 
(237,517) 200 
(247,450) 97 
(258,438) 240 
(278,230) 54 
(293,393) 35 
(300,301) 138 
(312,237) 202 
(313,386) 209 
(315,313) 151 
(319,318) 5 
(320,509) 235 
(321,320) 22 
(327,293) 14 
(327,319) 1 
(329,296) 6 
(332,449) 18 
(333,332) 1 
(334,182) 263 
(349,170) 5 
(352,378) 203 
(353,385) 3 
(353,529) 99 
(356,294) 59 
(358,247) 44 
(359,493) 193 
(360,446) 98 
(362,330) 6 
(363,463) 1 
(370,300) 138 
(378,486) 242 
(382,549) 44 
(385,333) 3 
(389,433) 1 
(392,121) 193 
(393,305) 35 
(397,360) 27 
(414,157) 18 
(417,325) 232 
(420,324) 251 
(423,357) 57 
(432,151) 9 
(438,401) 240 
(439,402) 265 
(441,324) 279 
(446,359) 108 
(450,321) 97 
(454,277) 19 
(462,451) 24 
(463,506) 1 
(464,295) 6 
(465,414) 19 
(466,356) 4 
(470,280) 240 
(473,346) 182 
(486,417) 232 
(493,392) 191 
(497,345) 102 
(506,389) 1 
(509,419) 265 
(510,420) 251 
(512,421) 165 
(513,171) 179 
(527,484) 274 
(528,445) 8 
(529,334) 263 
(532,311) 5 
(538,347) 1 
(540,347) 44 
(547,548) 1 
(549,540) 44 
