(114,125) 17 
(115,114) 17 
(121,323) 90 
(122,124) 11 
(123,122) 12 
(124,528) 11 
(125,397) 7 
(148,353) 143 
(153,293) 3 
(157,377) 76 
(170,534) 1 
(174,175) 6 
(175,174) 2 
(176,347) 168 
(183,348) 12 
(230,152) 1 
(237,517) 177 
(247,450) 117 
(258,438) 191 
(278,230) 1 
(293,393) 12 
(300,301) 89 
(303,331) 3 
(312,237) 177 
(313,386) 186 
(315,313) 185 
(319,318) 4 
(320,509) 189 
(321,320) 20 
(327,293) 2 
(327,319) 2 
(329,296) 2 
(332,449) 1 
(333,332) 1 
(334,182) 210 
(349,170) 1 
(352,378) 71 
(353,385) 1 
(353,529) 49 
(356,294) 2 
(358,247) 55 
(359,493) 166 
(360,446) 80 
(362,330) 1 
(370,300) 89 
(378,486) 162 
(385,333) 1 
(391,120) 2 
(392,121) 166 
(393,305) 12 
(396,447) 7 
(397,360) 7 
(414,157) 1 
(415,396) 8 
(417,325) 147 
(420,324) 189 
(423,349) 1 
(423,357) 86 
(432,151) 87 
(438,401) 191 
(439,402) 207 
(441,324) 241 
(446,359) 83 
(450,321) 117 
(454,277) 12 
(461,415) 1 
(462,451) 18 
(464,295) 1 
(466,356) 1 
(470,280) 177 
(473,346) 134 
(486,417) 147 
(493,392) 166 
(497,345) 58 
(509,419) 207 
(510,420) 189 
(512,421) 73 
(513,171) 130 
(527,484) 194 
(528,445) 20 
(529,334) 190 
(538,347) 13 
