(114,125) 13 
(115,114) 13 
(121,323) 103 
(122,124) 14 
(123,122) 14 
(124,528) 14 
(125,397) 1 
(148,353) 148 
(153,293) 1 
(157,377) 93 
(170,534) 1 
(174,175) 5 
(175,174) 2 
(176,347) 158 
(183,348) 11 
(230,152) 1 
(237,517) 174 
(247,450) 136 
(258,438) 192 
(278,230) 1 
(293,393) 15 
(300,301) 93 
(312,237) 174 
(313,386) 181 
(315,313) 178 
(319,318) 1 
(320,509) 185 
(321,320) 17 
(327,293) 6 
(332,449) 3 
(334,182) 205 
(349,170) 1 
(352,378) 87 
(353,529) 44 
(356,294) 2 
(358,247) 67 
(359,493) 164 
(360,446) 91 
(362,330) 1 
(370,300) 93 
(378,486) 185 
(391,120) 2 
(392,121) 164 
(393,305) 15 
(396,447) 6 
(397,360) 1 
(414,157) 2 
(415,396) 8 
(417,325) 177 
(420,324) 192 
(423,357) 84 
(432,151) 72 
(438,401) 192 
(439,402) 208 
(441,324) 241 
(446,359) 92 
(450,321) 135 
(454,277) 14 
(461,415) 1 
(462,451) 9 
(470,280) 188 
(473,346) 118 
(486,417) 177 
(493,392) 162 
(497,345) 62 
(509,419) 208 
(510,420) 192 
(512,421) 57 
(513,171) 121 
(527,484) 202 
(528,445) 24 
(529,334) 185 
(538,347) 12 
