(114,125) 11 
(115,114) 11 
(121,323) 93 
(122,124) 15 
(123,122) 15 
(124,528) 16 
(125,397) 2 
(148,353) 131 
(157,377) 86 
(174,175) 8 
(176,347) 162 
(183,348) 12 
(230,152) 1 
(237,517) 157 
(247,450) 122 
(258,438) 188 
(278,230) 1 
(293,393) 13 
(300,301) 91 
(303,331) 2 
(312,237) 157 
(313,386) 162 
(315,313) 162 
(320,509) 184 
(321,320) 23 
(327,293) 4 
(332,449) 4 
(333,332) 1 
(334,182) 209 
(352,378) 85 
(353,385) 1 
(353,529) 48 
(356,294) 1 
(358,247) 53 
(359,358) 1 
(359,493) 176 
(360,446) 84 
(362,330) 2 
(370,300) 91 
(378,486) 171 
(385,333) 1 
(391,120) 5 
(392,121) 176 
(393,305) 13 
(396,447) 11 
(397,360) 2 
(414,157) 1 
(415,396) 7 
(417,325) 153 
(420,324) 190 
(423,357) 74 
(424,541) 1 
(432,151) 76 
(438,401) 188 
(439,402) 207 
(441,324) 239 
(446,359) 81 
(450,321) 121 
(454,277) 9 
(461,415) 3 
(462,451) 14 
(464,295) 1 
(470,280) 179 
(473,346) 117 
(486,417) 153 
(493,392) 175 
(497,345) 67 
(509,419) 207 
(510,420) 190 
(512,421) 67 
(513,171) 128 
(527,484) 191 
(528,445) 17 
(529,334) 204 
(538,347) 10 
(541,355) 1 
