(114,125) 45 
(115,114) 45 
(121,323) 71 
(122,124) 47 
(123,122) 45 
(124,528) 45 
(125,397) 17 
(148,353) 245 
(153,293) 1 
(157,377) 122 
(174,175) 13 
(175,174) 41 
(176,347) 202 
(183,348) 4 
(230,152) 58 
(236,465) 4 
(237,517) 203 
(247,450) 92 
(258,438) 239 
(278,230) 58 
(293,393) 45 
(300,301) 144 
(312,237) 203 
(313,386) 212 
(315,313) 155 
(319,318) 3 
(320,509) 227 
(321,320) 15 
(327,293) 19 
(329,296) 2 
(332,449) 3 
(333,332) 1 
(334,182) 264 
(352,378) 224 
(353,385) 2 
(353,529) 99 
(356,294) 52 
(358,247) 57 
(359,493) 213 
(360,446) 99 
(362,330) 7 
(363,463) 1 
(370,300) 144 
(378,486) 242 
(382,549) 52 
(385,333) 2 
(389,433) 1 
(391,120) 2 
(392,121) 213 
(393,305) 45 
(397,360) 17 
(414,157) 25 
(417,325) 230 
(420,324) 247 
(423,357) 63 
(432,151) 18 
(438,401) 239 
(439,402) 262 
(441,324) 275 
(446,359) 109 
(450,321) 92 
(454,277) 7 
(462,451) 24 
(463,506) 1 
(464,295) 6 
(465,414) 21 
(466,356) 7 
(470,280) 251 
(473,346) 192 
(486,417) 230 
(493,392) 213 
(497,345) 88 
(506,389) 1 
(509,419) 262 
(510,420) 247 
(512,421) 161 
(513,171) 183 
(527,484) 279 
(528,445) 9 
(529,334) 262 
(532,311) 4 
(538,347) 2 
(540,347) 52 
(547,548) 3 
(549,540) 52 
