(114,125) 44 
(115,114) 44 
(121,323) 64 
(122,124) 51 
(123,122) 50 
(124,528) 43 
(125,397) 35 
(148,353) 255 
(153,293) 1 
(157,377) 120 
(170,534) 2 
(174,175) 17 
(175,174) 44 
(176,347) 225 
(183,348) 4 
(230,152) 58 
(236,465) 3 
(237,517) 204 
(247,450) 82 
(258,438) 242 
(278,230) 58 
(293,393) 48 
(300,301) 121 
(312,237) 204 
(313,386) 212 
(315,313) 150 
(319,318) 1 
(320,509) 224 
(321,320) 22 
(327,293) 23 
(329,296) 6 
(332,449) 25 
(334,182) 269 
(349,170) 2 
(352,378) 211 
(353,385) 1 
(353,529) 100 
(356,294) 58 
(358,247) 62 
(359,493) 210 
(360,446) 124 
(362,330) 9 
(370,300) 121 
(378,486) 237 
(382,549) 49 
(385,333) 1 
(392,121) 210 
(393,305) 49 
(397,360) 35 
(414,157) 17 
(417,325) 228 
(420,324) 247 
(423,357) 49 
(432,151) 14 
(438,401) 242 
(439,402) 264 
(441,324) 277 
(446,359) 131 
(450,321) 82 
(454,277) 26 
(462,451) 27 
(464,295) 3 
(465,414) 15 
(466,356) 8 
(470,280) 236 
(473,346) 179 
(486,417) 228 
(493,392) 209 
(497,345) 86 
(509,419) 264 
(510,420) 247 
(512,421) 171 
(513,171) 188 
(527,484) 276 
(528,445) 8 
(529,334) 273 
(532,311) 2 
(538,347) 4 
(540,347) 49 
(547,548) 5 
(549,540) 49 
