(114,125) 35 
(115,114) 35 
(121,323) 100 
(122,124) 79 
(123,122) 79 
(124,528) 51 
(125,397) 23 
(148,353) 195 
(153,293) 1 
(157,377) 115 
(174,175) 6 
(175,174) 29 
(176,347) 191 
(183,348) 13 
(230,152) 36 
(236,465) 3 
(237,517) 185 
(247,450) 145 
(258,438) 221 
(278,230) 36 
(293,393) 79 
(300,301) 161 
(312,237) 185 
(313,386) 198 
(315,313) 155 
(319,318) 1 
(320,509) 233 
(321,320) 23 
(327,293) 19 
(329,296) 5 
(332,449) 16 
(333,332) 2 
(334,182) 238 
(352,378) 162 
(353,385) 3 
(353,529) 55 
(355,539) 1 
(356,294) 30 
(358,247) 99 
(359,493) 184 
(360,446) 145 
(362,330) 6 
(370,300) 161 
(378,486) 200 
(382,549) 24 
(385,333) 3 
(391,120) 5 
(392,121) 184 
(393,305) 79 
(397,360) 23 
(414,157) 24 
(417,325) 180 
(420,324) 230 
(423,357) 70 
(424,541) 1 
(432,151) 77 
(438,401) 221 
(439,402) 239 
(441,324) 259 
(446,359) 143 
(450,321) 144 
(454,277) 25 
(461,415) 1 
(462,451) 45 
(464,295) 2 
(465,414) 20 
(470,280) 188 
(473,346) 180 
(486,417) 180 
(493,392) 183 
(497,345) 95 
(509,419) 239 
(510,420) 230 
(512,421) 91 
(513,171) 174 
(527,484) 251 
(528,445) 18 
(529,334) 215 
(532,311) 2 
(536,546) 1 
(538,347) 6 
(539,294) 1 
(540,347) 24 
(541,355) 1 
(546,534) 1 
(546,535) 1 
(547,546) 1 
(547,548) 1 
(549,540) 24 
