(114,125) 54 
(115,114) 54 
(121,323) 104 
(122,124) 183 
(123,122) 183 
(124,528) 130 
(125,397) 48 
(148,353) 330 
(153,293) 46 
(153,317) 1 
(157,158) 2 
(157,377) 132 
(158,157) 41 
(158,521) 2 
(170,534) 39 
(173,321) 7 
(174,175) 59 
(175,174) 38 
(176,347) 231 
(183,348) 6 
(230,152) 125 
(235,434) 23 
(236,465) 12 
(237,517) 222 
(247,450) 97 
(253,494) 139 
(258,438) 252 
(278,230) 125 
(286,521) 39 
(291,290) 1 
(293,393) 183 
(294,356) 1 
(294,542) 1 
(300,301) 194 
(303,331) 1 
(312,237) 222 
(313,386) 240 
(315,313) 177 
(319,318) 45 
(320,509) 278 
(321,320) 269 
(326,489) 14 
(327,293) 123 
(327,319) 39 
(329,235) 23 
(329,296) 65 
(330,362) 1 
(332,449) 31 
(333,332) 222 
(334,182) 309 
(349,170) 39 
(350,545) 23 
(352,378) 282 
(353,385) 244 
(353,529) 149 
(355,541) 3 
(356,294) 84 
(358,247) 144 
(359,493) 228 
(360,446) 259 
(362,330) 21 
(363,463) 5 
(370,300) 194 
(378,486) 282 
(382,549) 120 
(385,333) 244 
(389,433) 5 
(391,120) 71 
(392,121) 228 
(393,305) 183 
(396,447) 3 
(397,360) 48 
(410,404) 139 
(414,157) 17 
(415,396) 3 
(417,325) 282 
(420,324) 261 
(423,349) 12 
(423,357) 206 
(424,357) 66 
(424,541) 5 
(432,151) 215 
(434,532) 23 
(438,401) 252 
(439,402) 278 
(441,324) 315 
(445,258) 7 
(446,359) 259 
(450,321) 97 
(451,329) 96 
(454,277) 14 
(460,435) 1 
(461,415) 3 
(462,451) 96 
(463,506) 5 
(464,295) 18 
(465,414) 17 
(466,356) 31 
(467,356) 10 
(470,280) 240 
(472,390) 139 
(473,346) 269 
(484,148) 331 
(486,417) 282 
(493,392) 228 
(496,353) 80 
(497,345) 119 
(506,389) 5 
(509,419) 278 
(510,420) 261 
(512,421) 192 
(513,171) 255 
(521,158) 41 
(524,258) 2 
(524,526) 2 
(526,524) 2 
(527,484) 331 
(528,445) 7 
(529,334) 322 
(532,311) 38 
(534,546) 1 
(536,546) 109 
(538,347) 8 
(540,347) 120 
(541,355) 5 
(541,424) 3 
(542,550) 1 
(543,348) 1 
(544,350) 14 
(546,534) 1 
(546,535) 135 
(547,546) 7 
(547,548) 3 
(548,547) 3 
(549,540) 120 
(550,543) 1 
