(114,125) 18 
(115,114) 19 
(121,323) 87 
(122,124) 30 
(123,122) 29 
(124,528) 28 
(125,397) 11 
(148,353) 145 
(153,293) 1 
(157,377) 88 
(174,175) 7 
(175,174) 17 
(176,347) 168 
(183,348) 8 
(230,152) 23 
(236,465) 2 
(237,517) 148 
(247,450) 134 
(258,438) 214 
(278,230) 23 
(293,393) 31 
(300,301) 115 
(312,237) 148 
(313,386) 158 
(315,313) 149 
(319,318) 2 
(320,509) 204 
(321,320) 27 
(327,293) 12 
(329,296) 3 
(332,449) 5 
(334,182) 237 
(352,378) 94 
(353,529) 41 
(356,294) 17 
(358,247) 56 
(359,493) 170 
(360,446) 96 
(362,330) 2 
(370,300) 115 
(378,486) 192 
(382,549) 15 
(391,120) 4 
(392,121) 170 
(393,305) 32 
(396,447) 1 
(397,360) 11 
(414,157) 20 
(415,396) 1 
(417,325) 169 
(420,324) 222 
(423,357) 77 
(424,541) 1 
(432,151) 57 
(438,401) 214 
(439,402) 233 
(441,324) 255 
(446,359) 96 
(450,321) 134 
(454,277) 18 
(461,415) 3 
(462,451) 18 
(464,295) 3 
(465,414) 19 
(470,280) 202 
(473,346) 118 
(486,417) 169 
(493,392) 169 
(497,345) 63 
(509,419) 233 
(510,420) 222 
(512,421) 92 
(513,171) 143 
(527,484) 185 
(528,445) 11 
(529,334) 187 
(532,311) 1 
(538,347) 3 
(540,347) 15 
(541,355) 1 
(546,535) 1 
(549,540) 15 
