(114,125) 20 
(115,114) 20 
(121,323) 111 
(122,124) 28 
(123,122) 28 
(124,528) 27 
(125,397) 19 
(148,353) 156 
(153,293) 1 
(157,377) 90 
(174,175) 5 
(175,174) 16 
(176,347) 166 
(183,348) 5 
(230,152) 20 
(236,465) 4 
(237,517) 153 
(247,450) 135 
(258,438) 210 
(278,230) 20 
(293,393) 29 
(300,301) 103 
(312,237) 153 
(313,386) 165 
(315,313) 158 
(319,318) 2 
(320,509) 198 
(321,320) 20 
(327,293) 14 
(329,296) 8 
(332,449) 3 
(334,182) 233 
(352,378) 104 
(353,529) 43 
(356,294) 17 
(358,247) 68 
(359,493) 191 
(360,446) 106 
(363,463) 1 
(370,300) 103 
(378,486) 197 
(382,549) 12 
(389,433) 1 
(391,120) 7 
(392,121) 191 
(393,305) 29 
(397,360) 18 
(414,157) 22 
(417,325) 168 
(420,324) 217 
(423,349) 1 
(423,357) 91 
(424,541) 1 
(432,151) 60 
(438,401) 210 
(439,402) 228 
(441,324) 255 
(446,359) 114 
(450,321) 135 
(454,277) 13 
(461,415) 1 
(462,451) 15 
(463,506) 1 
(464,295) 3 
(465,414) 18 
(470,280) 192 
(473,346) 120 
(486,417) 168 
(493,392) 191 
(497,345) 65 
(506,389) 1 
(509,419) 228 
(510,420) 217 
(512,421) 74 
(513,171) 155 
(527,484) 192 
(528,445) 15 
(529,334) 201 
(532,311) 2 
(538,347) 3 
(540,347) 12 
(541,355) 1 
(549,540) 12 
