(114,125) 28 
(115,114) 28 
(121,323) 94 
(122,124) 22 
(123,122) 25 
(124,528) 20 
(125,397) 14 
(148,353) 151 
(157,377) 94 
(170,534) 2 
(174,175) 5 
(176,347) 167 
(183,348) 5 
(230,152) 22 
(236,465) 3 
(237,517) 153 
(247,450) 136 
(258,438) 210 
(278,230) 22 
(293,393) 25 
(300,301) 106 
(312,237) 153 
(313,386) 165 
(315,313) 154 
(320,509) 207 
(321,320) 24 
(327,293) 10 
(329,296) 2 
(332,449) 8 
(333,332) 1 
(334,182) 236 
(349,170) 2 
(352,378) 101 
(353,385) 1 
(353,529) 42 
(356,294) 3 
(358,247) 61 
(359,493) 182 
(360,446) 101 
(362,330) 1 
(363,463) 1 
(370,300) 106 
(378,486) 191 
(382,549) 14 
(385,333) 1 
(389,433) 1 
(391,120) 3 
(392,121) 182 
(393,305) 26 
(396,447) 1 
(397,360) 14 
(398,228) 1 
(414,157) 23 
(415,396) 1 
(417,325) 172 
(420,324) 222 
(423,357) 81 
(432,151) 58 
(438,401) 210 
(439,402) 233 
(441,324) 255 
(446,359) 101 
(450,321) 136 
(454,277) 19 
(461,415) 1 
(462,451) 16 
(463,506) 1 
(464,295) 1 
(465,414) 19 
(470,280) 192 
(473,346) 123 
(486,417) 172 
(493,392) 180 
(497,345) 82 
(506,389) 1 
(509,419) 233 
(510,420) 222 
(512,421) 83 
(513,171) 144 
(527,484) 189 
(528,445) 8 
(529,334) 197 
(532,311) 1 
(538,347) 2 
(540,347) 14 
(549,540) 14 
