<Origin	Destination	DepartureTime	Demand>
546	999	1	24
546	999	2	44
546	999	3	50
546	999	4	68
546	999	5	50
546	999	6	74
546	999	7	71
546	999	8	103
546	999	9	121
546	999	10	97
546	999	11	135
546	999	12	171
546	999	13	180
546	999	14	188
546	999	15	188
546	999	16	156
546	999	17	268
546	999	18	227
546	999	19	232
546	999	20	265
546	999	21	244
546	999	22	318
546	999	23	262
546	999	24	330
546	999	25	265
546	999	26	333
546	999	27	321
546	999	28	444
546	999	29	412
546	999	30	341
546	999	31	444
546	999	32	439
546	999	33	415
546	999	34	391
546	999	35	433
546	999	36	444
546	999	37	494
546	999	38	447
546	999	39	480
546	999	40	515
546	999	41	533
546	999	42	550
546	999	43	483
546	999	44	589
546	999	45	518
546	999	46	547
546	999	47	603
546	999	48	536
546	999	49	630
546	999	50	636
546	999	51	506
546	999	52	544
546	999	53	542
546	999	54	456
546	999	55	509
546	999	56	489
546	999	57	503
546	999	58	477
546	999	59	480
546	999	60	489
546	999	61	412
546	999	62	471
546	999	63	456
546	999	64	444
546	999	65	418
546	999	66	321
546	999	67	350
546	999	68	380
546	999	69	330
546	999	70	291
546	999	71	303
546	999	72	303
546	999	73	250
546	999	74	285
546	999	75	303
546	999	76	312
546	999	77	241
546	999	78	262
546	999	79	247
546	999	80	218
546	999	81	206
546	999	82	180
546	999	83	194
546	999	84	168
546	999	85	141
546	999	86	129
546	999	87	124
546	999	88	91
546	999	89	118
546	999	90	85
546	999	91	88
546	999	92	59
546	999	93	56
546	999	94	53
546	999	95	21
546	999	96	18
546	999	97	59
546	999	98	110
546	999	99	125
546	999	100	169
546	999	101	125
546	999	102	184
546	999	103	177
546	999	104	258
546	999	105	302
546	999	106	243
546	999	107	338
546	999	108	427
546	999	109	449
546	999	110	471
546	999	111	471
546	999	112	390
546	999	113	670
546	999	114	567
546	999	115	581
546	999	116	662
546	999	117	611
546	999	118	795
546	999	119	655
546	999	120	824
546	999	121	662
546	999	122	831
546	999	123	802
546	999	124	1111
546	999	125	1030
546	999	126	853
546	999	127	1111
546	999	128	1096
546	999	129	1037
546	999	130	979
546	999	131	1082
546	999	132	1111
546	999	133	1236
546	999	134	1118
546	999	135	1199
546	999	136	1288
546	999	137	1332
546	999	138	1376
546	999	139	1207
546	999	140	1472
546	999	141	1295
546	999	142	1369
546	999	143	1508
546	999	144	1339
546	999	145	1575
546	999	146	1589
546	999	147	1265
546	999	148	1361
546	999	149	1354
546	999	150	1140
546	999	151	1273
546	999	152	1221
546	999	153	1258
546	999	154	1192
546	999	155	1199
546	999	156	1221
546	999	157	1030
546	999	158	1177
546	999	159	1140
546	999	160	1111
546	999	161	1045
546	999	162	802
546	999	163	876
546	999	164	949
546	999	165	824
546	999	166	728
546	999	167	758
546	999	168	758
546	999	169	625
546	999	170	714
546	999	171	758
546	999	172	780
546	999	173	603
546	999	174	655
546	999	175	618
546	999	176	544
546	999	177	515
546	999	178	449
546	999	179	486
546	999	180	419
546	999	181	353
546	999	182	324
546	999	183	309
546	999	184	228
546	999	185	294
546	999	186	213
546	999	187	221
546	999	188	147
546	999	189	140
546	999	190	132
546	999	191	52
546	999	192	44
546	999	193	35
546	999	194	66
546	999	195	75
546	999	196	102
546	999	197	75
546	999	198	110
546	999	199	106
546	999	200	155
546	999	201	181
546	999	202	146
546	999	203	203
546	999	204	256
546	999	205	269
546	999	206	283
546	999	207	283
546	999	208	234
546	999	209	402
546	999	210	340
546	999	211	349
546	999	212	397
546	999	213	366
546	999	214	477
546	999	215	393
546	999	216	494
546	999	217	397
546	999	218	499
546	999	219	481
546	999	220	667
546	999	221	618
546	999	222	512
546	999	223	667
546	999	224	658
546	999	225	622
546	999	226	587
546	999	227	649
546	999	228	667
546	999	229	742
546	999	230	671
546	999	231	720
546	999	232	773
546	999	233	799
546	999	234	826
546	999	235	724
546	999	236	883
546	999	237	777
546	999	238	821
546	999	239	905
546	999	240	803
546	999	241	945
546	999	242	954
546	999	243	759
546	999	244	817
546	999	245	812
546	999	246	684
546	999	247	764
546	999	248	733
546	999	249	755
546	999	250	715
546	999	251	720
546	999	252	733
546	999	253	618
546	999	254	706
546	999	255	684
546	999	256	667
546	999	257	627
546	999	258	481
546	999	259	525
546	999	260	569
546	999	261	494
546	999	262	437
546	999	263	455
546	999	264	455
546	999	265	375
546	999	266	428
546	999	267	455
546	999	268	468
546	999	269	362
546	999	270	393
546	999	271	371
546	999	272	327
546	999	273	309
546	999	274	269
546	999	275	291
546	999	276	252
546	999	277	212
546	999	278	194
546	999	279	185
546	999	280	137
546	999	281	177
546	999	282	128
546	999	283	132
546	999	284	88
546	999	285	84
546	999	286	79
546	999	287	31
546	999	288	26
541	999	1	3
541	999	2	5
541	999	3	6
541	999	4	8
541	999	5	6
541	999	6	9
541	999	7	9
541	999	8	13
541	999	9	15
541	999	10	12
541	999	11	17
541	999	12	21
541	999	13	22
541	999	14	23
541	999	15	23
541	999	16	19
541	999	17	33
541	999	18	28
541	999	19	29
541	999	20	33
541	999	21	30
541	999	22	40
541	999	23	33
541	999	24	41
541	999	25	33
541	999	26	41
541	999	27	40
541	999	28	55
541	999	29	51
541	999	30	42
541	999	31	55
541	999	32	55
541	999	33	52
541	999	34	49
541	999	35	54
541	999	36	55
541	999	37	62
541	999	38	56
541	999	39	60
541	999	40	64
541	999	41	66
541	999	42	68
541	999	43	60
541	999	44	73
541	999	45	64
541	999	46	68
541	999	47	75
541	999	48	67
541	999	49	78
541	999	50	79
541	999	51	63
541	999	52	68
541	999	53	67
541	999	54	57
541	999	55	63
541	999	56	61
541	999	57	63
541	999	58	59
541	999	59	60
541	999	60	61
541	999	61	51
541	999	62	59
541	999	63	57
541	999	64	55
541	999	65	52
541	999	66	40
541	999	67	44
541	999	68	47
541	999	69	41
541	999	70	36
541	999	71	38
541	999	72	38
541	999	73	31
541	999	74	36
541	999	75	38
541	999	76	39
541	999	77	30
541	999	78	33
541	999	79	31
541	999	80	27
541	999	81	26
541	999	82	22
541	999	83	24
541	999	84	21
541	999	85	18
541	999	86	16
541	999	87	15
541	999	88	11
541	999	89	15
541	999	90	11
541	999	91	11
541	999	92	7
541	999	93	7
541	999	94	7
541	999	95	3
541	999	96	2
541	999	97	7
541	999	98	14
541	999	99	16
541	999	100	21
541	999	101	16
541	999	102	23
541	999	103	22
541	999	104	32
541	999	105	38
541	999	106	30
541	999	107	42
541	999	108	53
541	999	109	56
541	999	110	59
541	999	111	59
541	999	112	49
541	999	113	83
541	999	114	71
541	999	115	72
541	999	116	82
541	999	117	76
541	999	118	99
541	999	119	81
541	999	120	103
541	999	121	82
541	999	122	103
541	999	123	100
541	999	124	138
541	999	125	128
541	999	126	106
541	999	127	138
541	999	128	136
541	999	129	129
541	999	130	122
541	999	131	135
541	999	132	138
541	999	133	154
541	999	134	139
541	999	135	149
541	999	136	160
541	999	137	166
541	999	138	171
541	999	139	150
541	999	140	183
541	999	141	161
541	999	142	170
541	999	143	188
541	999	144	167
541	999	145	196
541	999	146	198
541	999	147	157
541	999	148	169
541	999	149	168
541	999	150	142
541	999	151	158
541	999	152	152
541	999	153	157
541	999	154	148
541	999	155	149
541	999	156	152
541	999	157	128
541	999	158	147
541	999	159	142
541	999	160	138
541	999	161	130
541	999	162	100
541	999	163	109
541	999	164	118
541	999	165	103
541	999	166	91
541	999	167	94
541	999	168	94
541	999	169	78
541	999	170	89
541	999	171	94
541	999	172	97
541	999	173	75
541	999	174	81
541	999	175	77
541	999	176	68
541	999	177	64
541	999	178	56
541	999	179	60
541	999	180	52
541	999	181	44
541	999	182	40
541	999	183	38
541	999	184	28
541	999	185	37
541	999	186	27
541	999	187	27
541	999	188	18
541	999	189	17
541	999	190	16
541	999	191	6
541	999	192	5
541	999	193	4
541	999	194	8
541	999	195	9
541	999	196	13
541	999	197	9
541	999	198	14
541	999	199	13
541	999	200	19
541	999	201	23
541	999	202	18
541	999	203	25
541	999	204	32
541	999	205	34
541	999	206	35
541	999	207	35
541	999	208	29
541	999	209	50
541	999	210	42
541	999	211	43
541	999	212	49
541	999	213	46
541	999	214	59
541	999	215	49
541	999	216	62
541	999	217	49
541	999	218	62
541	999	219	60
541	999	220	83
541	999	221	77
541	999	222	64
541	999	223	83
541	999	224	82
541	999	225	77
541	999	226	73
541	999	227	81
541	999	228	83
541	999	229	92
541	999	230	84
541	999	231	90
541	999	232	96
541	999	233	99
541	999	234	103
541	999	235	90
541	999	236	110
541	999	237	97
541	999	238	102
541	999	239	113
541	999	240	100
541	999	241	118
541	999	242	119
541	999	243	94
541	999	244	102
541	999	245	101
541	999	246	85
541	999	247	95
541	999	248	91
541	999	249	94
541	999	250	89
541	999	251	90
541	999	252	91
541	999	253	77
541	999	254	88
541	999	255	85
541	999	256	83
541	999	257	78
541	999	258	60
541	999	259	65
541	999	260	71
541	999	261	62
541	999	262	54
541	999	263	57
541	999	264	57
541	999	265	47
541	999	266	53
541	999	267	57
541	999	268	58
541	999	269	45
541	999	270	49
541	999	271	46
541	999	272	41
541	999	273	38
541	999	274	34
541	999	275	36
541	999	276	31
541	999	277	26
541	999	278	24
541	999	279	23
541	999	280	17
541	999	281	22
541	999	282	16
541	999	283	16
541	999	284	11
541	999	285	10
541	999	286	10
541	999	287	4
541	999	288	3
402	999	1	27
402	999	2	51
402	999	3	57
402	999	4	78
402	999	5	57
402	999	6	84
402	999	7	81
402	999	8	118
402	999	9	138
402	999	10	111
402	999	11	155
402	999	12	196
402	999	13	206
402	999	14	216
402	999	15	216
402	999	16	179
402	999	17	307
402	999	18	260
402	999	19	266
402	999	20	304
402	999	21	280
402	999	22	364
402	999	23	300
402	999	24	378
402	999	25	304
402	999	26	381
402	999	27	368
402	999	28	509
402	999	29	472
402	999	30	391
402	999	31	509
402	999	32	503
402	999	33	476
402	999	34	449
402	999	35	496
402	999	36	509
402	999	37	567
402	999	38	513
402	999	39	550
402	999	40	590
402	999	41	610
402	999	42	631
402	999	43	553
402	999	44	675
402	999	45	594
402	999	46	627
402	999	47	691
402	999	48	614
402	999	49	722
402	999	50	729
402	999	51	580
402	999	52	624
402	999	53	621
402	999	54	523
402	999	55	584
402	999	56	560
402	999	57	577
402	999	58	546
402	999	59	550
402	999	60	560
402	999	61	472
402	999	62	540
402	999	63	523
402	999	64	509
402	999	65	479
402	999	66	368
402	999	67	401
402	999	68	435
402	999	69	378
402	999	70	334
402	999	71	347
402	999	72	347
402	999	73	287
402	999	74	327
402	999	75	347
402	999	76	358
402	999	77	277
402	999	78	300
402	999	79	283
402	999	80	250
402	999	81	236
402	999	82	206
402	999	83	223
402	999	84	192
402	999	85	162
402	999	86	148
402	999	87	142
402	999	88	105
402	999	89	135
402	999	90	98
402	999	91	101
402	999	92	67
402	999	93	64
402	999	94	61
402	999	95	24
402	999	96	20
402	999	97	67
402	999	98	126
402	999	99	143
402	999	100	194
402	999	101	143
402	999	102	211
402	999	103	202
402	999	104	295
402	999	105	346
402	999	106	278
402	999	107	388
402	999	108	489
402	999	109	514
402	999	110	540
402	999	111	540
402	999	112	447
402	999	113	767
402	999	114	649
402	999	115	666
402	999	116	759
402	999	117	700
402	999	118	911
402	999	119	750
402	999	120	944
402	999	121	759
402	999	122	953
402	999	123	919
402	999	124	1273
402	999	125	1181
402	999	126	978
402	999	127	1273
402	999	128	1256
402	999	129	1189
402	999	130	1121
402	999	131	1240
402	999	132	1273
402	999	133	1417
402	999	134	1282
402	999	135	1374
402	999	136	1476
402	999	137	1526
402	999	138	1577
402	999	139	1383
402	999	140	1686
402	999	141	1484
402	999	142	1568
402	999	143	1729
402	999	144	1535
402	999	145	1804
402	999	146	1821
402	999	147	1450
402	999	148	1560
402	999	149	1552
402	999	150	1307
402	999	151	1459
402	999	152	1400
402	999	153	1442
402	999	154	1366
402	999	155	1374
402	999	156	1400
402	999	157	1181
402	999	158	1349
402	999	159	1307
402	999	160	1273
402	999	161	1197
402	999	162	919
402	999	163	1003
402	999	164	1088
402	999	165	944
402	999	166	835
402	999	167	869
402	999	168	869
402	999	169	717
402	999	170	818
402	999	171	869
402	999	172	894
402	999	173	691
402	999	174	750
402	999	175	708
402	999	176	624
402	999	177	590
402	999	178	514
402	999	179	557
402	999	180	481
402	999	181	405
402	999	182	371
402	999	183	354
402	999	184	261
402	999	185	337
402	999	186	245
402	999	187	253
402	999	188	169
402	999	189	160
402	999	190	152
402	999	191	59
402	999	192	51
402	999	193	40
402	999	194	76
402	999	195	86
402	999	196	116
402	999	197	86
402	999	198	126
402	999	199	121
402	999	200	177
402	999	201	207
402	999	202	167
402	999	203	233
402	999	204	293
402	999	205	309
402	999	206	324
402	999	207	324
402	999	208	268
402	999	209	460
402	999	210	390
402	999	211	400
402	999	212	455
402	999	213	420
402	999	214	546
402	999	215	450
402	999	216	567
402	999	217	455
402	999	218	572
402	999	219	551
402	999	220	764
402	999	221	708
402	999	222	587
402	999	223	764
402	999	224	754
402	999	225	713
402	999	226	673
402	999	227	744
402	999	228	764
402	999	229	850
402	999	230	769
402	999	231	825
402	999	232	885
402	999	233	916
402	999	234	946
402	999	235	830
402	999	236	1012
402	999	237	890
402	999	238	941
402	999	239	1037
402	999	240	921
402	999	241	1083
402	999	242	1093
402	999	243	870
402	999	244	936
402	999	245	931
402	999	246	784
402	999	247	875
402	999	248	840
402	999	249	865
402	999	250	820
402	999	251	825
402	999	252	840
402	999	253	708
402	999	254	809
402	999	255	784
402	999	256	764
402	999	257	718
402	999	258	551
402	999	259	602
402	999	260	653
402	999	261	567
402	999	262	501
402	999	263	521
402	999	264	521
402	999	265	430
402	999	266	491
402	999	267	521
402	999	268	536
402	999	269	415
402	999	270	450
402	999	271	425
402	999	272	374
402	999	273	354
402	999	274	309
402	999	275	334
402	999	276	288
402	999	277	243
402	999	278	223
402	999	279	212
402	999	280	157
402	999	281	202
402	999	282	147
402	999	283	152
402	999	284	101
402	999	285	96
402	999	286	91
402	999	287	35
402	999	288	30
471	999	1	27
471	999	2	50
471	999	3	57
471	999	4	77
471	999	5	57
471	999	6	84
471	999	7	80
471	999	8	117
471	999	9	137
471	999	10	110
471	999	11	154
471	999	12	194
471	999	13	204
471	999	14	214
471	999	15	214
471	999	16	177
471	999	17	304
471	999	18	257
471	999	19	264
471	999	20	301
471	999	21	277
471	999	22	361
471	999	23	297
471	999	24	374
471	999	25	301
471	999	26	378
471	999	27	364
471	999	28	505
471	999	29	468
471	999	30	388
471	999	31	505
471	999	32	498
471	999	33	471
471	999	34	444
471	999	35	491
471	999	36	505
471	999	37	561
471	999	38	508
471	999	39	545
471	999	40	585
471	999	41	605
471	999	42	625
471	999	43	548
471	999	44	668
471	999	45	588
471	999	46	622
471	999	47	685
471	999	48	608
471	999	49	715
471	999	50	722
471	999	51	575
471	999	52	618
471	999	53	615
471	999	54	518
471	999	55	578
471	999	56	555
471	999	57	571
471	999	58	541
471	999	59	545
471	999	60	555
471	999	61	468
471	999	62	535
471	999	63	518
471	999	64	505
471	999	65	475
471	999	66	364
471	999	67	398
471	999	68	431
471	999	69	374
471	999	70	331
471	999	71	344
471	999	72	344
471	999	73	284
471	999	74	324
471	999	75	344
471	999	76	354
471	999	77	274
471	999	78	297
471	999	79	281
471	999	80	247
471	999	81	234
471	999	82	204
471	999	83	221
471	999	84	190
471	999	85	160
471	999	86	147
471	999	87	140
471	999	88	104
471	999	89	134
471	999	90	97
471	999	91	100
471	999	92	67
471	999	93	63
471	999	94	60
471	999	95	23
471	999	96	20
471	999	97	67
471	999	98	125
471	999	99	142
471	999	100	192
471	999	101	142
471	999	102	209
471	999	103	201
471	999	104	292
471	999	105	343
471	999	106	276
471	999	107	384
471	999	108	485
471	999	109	510
471	999	110	535
471	999	111	535
471	999	112	443
471	999	113	760
471	999	114	643
471	999	115	660
471	999	116	752
471	999	117	693
471	999	118	902
471	999	119	744
471	999	120	936
471	999	121	752
471	999	122	944
471	999	123	911
471	999	124	1262
471	999	125	1170
471	999	126	969
471	999	127	1262
471	999	128	1245
471	999	129	1178
471	999	130	1111
471	999	131	1228
471	999	132	1262
471	999	133	1404
471	999	134	1270
471	999	135	1362
471	999	136	1462
471	999	137	1512
471	999	138	1562
471	999	139	1370
471	999	140	1671
471	999	141	1470
471	999	142	1554
471	999	143	1713
471	999	144	1521
471	999	145	1788
471	999	146	1805
471	999	147	1437
471	999	148	1546
471	999	149	1537
471	999	150	1295
471	999	151	1445
471	999	152	1387
471	999	153	1429
471	999	154	1353
471	999	155	1362
471	999	156	1387
471	999	157	1170
471	999	158	1337
471	999	159	1295
471	999	160	1262
471	999	161	1186
471	999	162	911
471	999	163	994
471	999	164	1078
471	999	165	936
471	999	166	827
471	999	167	861
471	999	168	861
471	999	169	710
471	999	170	810
471	999	171	861
471	999	172	886
471	999	173	685
471	999	174	744
471	999	175	702
471	999	176	618
471	999	177	585
471	999	178	510
471	999	179	551
471	999	180	476
471	999	181	401
471	999	182	368
471	999	183	351
471	999	184	259
471	999	185	334
471	999	186	242
471	999	187	251
471	999	188	167
471	999	189	159
471	999	190	150
471	999	191	58
471	999	192	50
471	999	193	40
471	999	194	75
471	999	195	85
471	999	196	115
471	999	197	85
471	999	198	125
471	999	199	120
471	999	200	175
471	999	201	206
471	999	202	165
471	999	203	231
471	999	204	291
471	999	205	306
471	999	206	321
471	999	207	321
471	999	208	266
471	999	209	456
471	999	210	386
471	999	211	396
471	999	212	451
471	999	213	416
471	999	214	541
471	999	215	446
471	999	216	561
471	999	217	451
471	999	218	566
471	999	219	546
471	999	220	757
471	999	221	702
471	999	222	581
471	999	223	757
471	999	224	747
471	999	225	707
471	999	226	667
471	999	227	737
471	999	228	757
471	999	229	842
471	999	230	762
471	999	231	817
471	999	232	877
471	999	233	907
471	999	234	937
471	999	235	822
471	999	236	1003
471	999	237	882
471	999	238	932
471	999	239	1028
471	999	240	912
471	999	241	1073
471	999	242	1083
471	999	243	862
471	999	244	927
471	999	245	922
471	999	246	777
471	999	247	867
471	999	248	832
471	999	249	857
471	999	250	812
471	999	251	817
471	999	252	832
471	999	253	702
471	999	254	802
471	999	255	777
471	999	256	757
471	999	257	712
471	999	258	546
471	999	259	597
471	999	260	647
471	999	261	561
471	999	262	496
471	999	263	516
471	999	264	516
471	999	265	426
471	999	266	486
471	999	267	516
471	999	268	531
471	999	269	411
471	999	270	446
471	999	271	421
471	999	272	371
471	999	273	351
471	999	274	306
471	999	275	331
471	999	276	286
471	999	277	241
471	999	278	221
471	999	279	211
471	999	280	155
471	999	281	201
471	999	282	145
471	999	283	150
471	999	284	100
471	999	285	95
471	999	286	90
471	999	287	35
471	999	288	30
544	999	1	4
544	999	2	7
544	999	3	7
544	999	4	10
544	999	5	7
544	999	6	11
544	999	7	11
544	999	8	15
544	999	9	18
544	999	10	15
544	999	11	20
544	999	12	26
544	999	13	27
544	999	14	28
544	999	15	28
544	999	16	23
544	999	17	40
544	999	18	34
544	999	19	35
544	999	20	40
544	999	21	37
544	999	22	48
544	999	23	39
544	999	24	49
544	999	25	40
544	999	26	50
544	999	27	48
544	999	28	66
544	999	29	62
544	999	30	51
544	999	31	66
544	999	32	66
544	999	33	62
544	999	34	59
544	999	35	65
544	999	36	66
544	999	37	74
544	999	38	67
544	999	39	72
544	999	40	77
544	999	41	80
544	999	42	82
544	999	43	72
544	999	44	88
544	999	45	77
544	999	46	82
544	999	47	90
544	999	48	80
544	999	49	94
544	999	50	95
544	999	51	76
544	999	52	81
544	999	53	81
544	999	54	68
544	999	55	76
544	999	56	73
544	999	57	75
544	999	58	71
544	999	59	72
544	999	60	73
544	999	61	62
544	999	62	70
544	999	63	68
544	999	64	66
544	999	65	63
544	999	66	48
544	999	67	52
544	999	68	57
544	999	69	49
544	999	70	44
544	999	71	45
544	999	72	45
544	999	73	37
544	999	74	43
544	999	75	45
544	999	76	47
544	999	77	36
544	999	78	39
544	999	79	37
544	999	80	33
544	999	81	31
544	999	82	27
544	999	83	29
544	999	84	25
544	999	85	21
544	999	86	19
544	999	87	18
544	999	88	14
544	999	89	18
544	999	90	13
544	999	91	13
544	999	92	9
544	999	93	8
544	999	94	8
544	999	95	3
544	999	96	3
544	999	97	9
544	999	98	17
544	999	99	19
544	999	100	25
544	999	101	19
544	999	102	28
544	999	103	26
544	999	104	39
544	999	105	45
544	999	106	36
544	999	107	51
544	999	108	64
544	999	109	67
544	999	110	70
544	999	111	70
544	999	112	58
544	999	113	100
544	999	114	85
544	999	115	87
544	999	116	99
544	999	117	91
544	999	118	119
544	999	119	98
544	999	120	123
544	999	121	99
544	999	122	124
544	999	123	120
544	999	124	166
544	999	125	154
544	999	126	128
544	999	127	166
544	999	128	164
544	999	129	155
544	999	130	146
544	999	131	162
544	999	132	166
544	999	133	185
544	999	134	167
544	999	135	179
544	999	136	193
544	999	137	199
544	999	138	206
544	999	139	181
544	999	140	220
544	999	141	194
544	999	142	205
544	999	143	226
544	999	144	200
544	999	145	236
544	999	146	238
544	999	147	189
544	999	148	204
544	999	149	203
544	999	150	171
544	999	151	190
544	999	152	183
544	999	153	188
544	999	154	178
544	999	155	179
544	999	156	183
544	999	157	154
544	999	158	176
544	999	159	171
544	999	160	166
544	999	161	156
544	999	162	120
544	999	163	131
544	999	164	142
544	999	165	123
544	999	166	109
544	999	167	113
544	999	168	113
544	999	169	94
544	999	170	107
544	999	171	113
544	999	172	117
544	999	173	90
544	999	174	98
544	999	175	92
544	999	176	81
544	999	177	77
544	999	178	67
544	999	179	73
544	999	180	63
544	999	181	53
544	999	182	48
544	999	183	46
544	999	184	34
544	999	185	44
544	999	186	32
544	999	187	33
544	999	188	22
544	999	189	21
544	999	190	20
544	999	191	8
544	999	192	7
544	999	193	5
544	999	194	10
544	999	195	11
544	999	196	15
544	999	197	11
544	999	198	17
544	999	199	16
544	999	200	23
544	999	201	27
544	999	202	22
544	999	203	30
544	999	204	38
544	999	205	40
544	999	206	42
544	999	207	42
544	999	208	35
544	999	209	60
544	999	210	51
544	999	211	52
544	999	212	59
544	999	213	55
544	999	214	71
544	999	215	59
544	999	216	74
544	999	217	59
544	999	218	75
544	999	219	72
544	999	220	100
544	999	221	92
544	999	222	77
544	999	223	100
544	999	224	98
544	999	225	93
544	999	226	88
544	999	227	97
544	999	228	100
544	999	229	111
544	999	230	100
544	999	231	108
544	999	232	116
544	999	233	120
544	999	234	123
544	999	235	108
544	999	236	132
544	999	237	116
544	999	238	123
544	999	239	135
544	999	240	120
544	999	241	141
544	999	242	143
544	999	243	114
544	999	244	122
544	999	245	122
544	999	246	102
544	999	247	114
544	999	248	110
544	999	249	113
544	999	250	107
544	999	251	108
544	999	252	110
544	999	253	92
544	999	254	106
544	999	255	102
544	999	256	100
544	999	257	94
544	999	258	72
544	999	259	79
544	999	260	85
544	999	261	74
544	999	262	65
544	999	263	68
544	999	264	68
544	999	265	56
544	999	266	64
544	999	267	68
544	999	268	70
544	999	269	54
544	999	270	59
544	999	271	55
544	999	272	49
544	999	273	46
544	999	274	40
544	999	275	44
544	999	276	38
544	999	277	32
544	999	278	29
544	999	279	28
544	999	280	20
544	999	281	26
544	999	282	19
544	999	283	20
544	999	284	13
544	999	285	13
544	999	286	12
544	999	287	5
544	999	288	4
474	999	1	244
474	999	2	458
474	999	3	519
474	999	4	703
474	999	5	519
474	999	6	764
474	999	7	733
474	999	8	1069
474	999	9	1253
474	999	10	1008
474	999	11	1405
474	999	12	1772
474	999	13	1863
474	999	14	1955
474	999	15	1955
474	999	16	1619
474	999	17	2780
474	999	18	2352
474	999	19	2413
474	999	20	2749
474	999	21	2536
474	999	22	3299
474	999	23	2719
474	999	24	3421
474	999	25	2749
474	999	26	3452
474	999	27	3330
474	999	28	4613
474	999	29	4277
474	999	30	3544
474	999	31	4613
474	999	32	4552
474	999	33	4307
474	999	34	4063
474	999	35	4491
474	999	36	4613
474	999	37	5132
474	999	38	4643
474	999	39	4980
474	999	40	5346
474	999	41	5529
474	999	42	5713
474	999	43	5010
474	999	44	6110
474	999	45	5377
474	999	46	5682
474	999	47	6263
474	999	48	5560
474	999	49	6538
474	999	50	6599
474	999	51	5254
474	999	52	5652
474	999	53	5621
474	999	54	4735
474	999	55	5285
474	999	56	5071
474	999	57	5224
474	999	58	4949
474	999	59	4980
474	999	60	5071
474	999	61	4277
474	999	62	4888
474	999	63	4735
474	999	64	4613
474	999	65	4338
474	999	66	3330
474	999	67	3635
474	999	68	3941
474	999	69	3421
474	999	70	3024
474	999	71	3147
474	999	72	3147
474	999	73	2597
474	999	74	2963
474	999	75	3147
474	999	76	3238
474	999	77	2505
474	999	78	2719
474	999	79	2566
474	999	80	2261
474	999	81	2138
474	999	82	1863
474	999	83	2016
474	999	84	1741
474	999	85	1466
474	999	86	1344
474	999	87	1283
474	999	88	947
474	999	89	1222
474	999	90	886
474	999	91	916
474	999	92	611
474	999	93	580
474	999	94	550
474	999	95	214
474	999	96	183
474	999	97	611
474	999	98	1146
474	999	99	1298
474	999	100	1757
474	999	101	1298
474	999	102	1909
474	999	103	1833
474	999	104	2673
474	999	105	3131
474	999	106	2520
474	999	107	3513
474	999	108	4430
474	999	109	4659
474	999	110	4888
474	999	111	4888
474	999	112	4048
474	999	113	6950
474	999	114	5881
474	999	115	6033
474	999	116	6874
474	999	117	6339
474	999	118	8248
474	999	119	6797
474	999	120	8554
474	999	121	6874
474	999	122	8630
474	999	123	8325
474	999	124	11532
474	999	125	10692
474	999	126	8859
474	999	127	11532
474	999	128	11380
474	999	129	10769
474	999	130	10158
474	999	131	11227
474	999	132	11532
474	999	133	12831
474	999	134	11609
474	999	135	12449
474	999	136	13365
474	999	137	13823
474	999	138	14282
474	999	139	12525
474	999	140	15275
474	999	141	13442
474	999	142	14205
474	999	143	15656
474	999	144	13900
474	999	145	16344
474	999	146	16497
474	999	147	13136
474	999	148	14129
474	999	149	14053
474	999	150	11838
474	999	151	13212
474	999	152	12678
474	999	153	13060
474	999	154	12372
474	999	155	12449
474	999	156	12678
474	999	157	10692
474	999	158	12220
474	999	159	11838
474	999	160	11532
474	999	161	10845
474	999	162	8325
474	999	163	9088
474	999	164	9852
474	999	165	8554
474	999	166	7561
474	999	167	7866
474	999	168	7866
474	999	169	6492
474	999	170	7408
474	999	171	7866
474	999	172	8096
474	999	173	6263
474	999	174	6797
474	999	175	6415
474	999	176	5652
474	999	177	5346
474	999	178	4659
474	999	179	5041
474	999	180	4353
474	999	181	3666
474	999	182	3360
474	999	183	3208
474	999	184	2368
474	999	185	3055
474	999	186	2215
474	999	187	2291
474	999	188	1527
474	999	189	1451
474	999	190	1375
474	999	191	535
474	999	192	458
474	999	193	367
474	999	194	687
474	999	195	779
474	999	196	1054
474	999	197	779
474	999	198	1146
474	999	199	1100
474	999	200	1604
474	999	201	1879
474	999	202	1512
474	999	203	2108
474	999	204	2658
474	999	205	2795
474	999	206	2933
474	999	207	2933
474	999	208	2429
474	999	209	4170
474	999	210	3528
474	999	211	3620
474	999	212	4124
474	999	213	3803
474	999	214	4949
474	999	215	4078
474	999	216	5132
474	999	217	4124
474	999	218	5178
474	999	219	4995
474	999	220	6919
474	999	221	6415
474	999	222	5316
474	999	223	6919
474	999	224	6828
474	999	225	6461
474	999	226	6095
474	999	227	6736
474	999	228	6919
474	999	229	7698
474	999	230	6965
474	999	231	7469
474	999	232	8019
474	999	233	8294
474	999	234	8569
474	999	235	7515
474	999	236	9165
474	999	237	8065
474	999	238	8523
474	999	239	9394
474	999	240	8340
474	999	241	9806
474	999	242	9898
474	999	243	7882
474	999	244	8477
474	999	245	8432
474	999	246	7103
474	999	247	7927
474	999	248	7607
474	999	249	7836
474	999	250	7423
474	999	251	7469
474	999	252	7607
474	999	253	6415
474	999	254	7332
474	999	255	7103
474	999	256	6919
474	999	257	6507
474	999	258	4995
474	999	259	5453
474	999	260	5911
474	999	261	5132
474	999	262	4537
474	999	263	4720
474	999	264	4720
474	999	265	3895
474	999	266	4445
474	999	267	4720
474	999	268	4857
474	999	269	3758
474	999	270	4078
474	999	271	3849
474	999	272	3391
474	999	273	3208
474	999	274	2795
474	999	275	3024
474	999	276	2612
474	999	277	2200
474	999	278	2016
474	999	279	1925
474	999	280	1421
474	999	281	1833
474	999	282	1329
474	999	283	1375
474	999	284	916
474	999	285	871
474	999	286	825
474	999	287	321
474	999	288	275
380	999	1	20
380	999	2	37
380	999	3	42
380	999	4	56
380	999	5	42
380	999	6	61
380	999	7	59
380	999	8	86
380	999	9	101
380	999	10	81
380	999	11	113
380	999	12	142
380	999	13	150
380	999	14	157
380	999	15	157
380	999	16	130
380	999	17	223
380	999	18	189
380	999	19	194
380	999	20	221
380	999	21	203
380	999	22	265
380	999	23	218
380	999	24	275
380	999	25	221
380	999	26	277
380	999	27	267
380	999	28	370
380	999	29	343
380	999	30	284
380	999	31	370
380	999	32	365
380	999	33	346
380	999	34	326
380	999	35	360
380	999	36	370
380	999	37	412
380	999	38	373
380	999	39	400
380	999	40	429
380	999	41	444
380	999	42	458
380	999	43	402
380	999	44	490
380	999	45	431
380	999	46	456
380	999	47	503
380	999	48	446
380	999	49	525
380	999	50	529
380	999	51	422
380	999	52	453
380	999	53	451
380	999	54	380
380	999	55	424
380	999	56	407
380	999	57	419
380	999	58	397
380	999	59	400
380	999	60	407
380	999	61	343
380	999	62	392
380	999	63	380
380	999	64	370
380	999	65	348
380	999	66	267
380	999	67	292
380	999	68	316
380	999	69	275
380	999	70	243
380	999	71	252
380	999	72	252
380	999	73	208
380	999	74	238
380	999	75	252
380	999	76	260
380	999	77	201
380	999	78	218
380	999	79	206
380	999	80	181
380	999	81	172
380	999	82	150
380	999	83	162
380	999	84	140
380	999	85	118
380	999	86	108
380	999	87	103
380	999	88	76
380	999	89	98
380	999	90	71
380	999	91	74
380	999	92	49
380	999	93	47
380	999	94	44
380	999	95	17
380	999	96	15
380	999	97	49
380	999	98	92
380	999	99	104
380	999	100	141
380	999	101	104
380	999	102	153
380	999	103	147
380	999	104	214
380	999	105	251
380	999	106	202
380	999	107	282
380	999	108	355
380	999	109	374
380	999	110	392
380	999	111	392
380	999	112	325
380	999	113	558
380	999	114	472
380	999	115	484
380	999	116	552
380	999	117	509
380	999	118	662
380	999	119	545
380	999	120	686
380	999	121	552
380	999	122	692
380	999	123	668
380	999	124	925
380	999	125	858
380	999	126	711
380	999	127	925
380	999	128	913
380	999	129	864
380	999	130	815
380	999	131	901
380	999	132	925
380	999	133	1030
380	999	134	931
380	999	135	999
380	999	136	1072
380	999	137	1109
380	999	138	1146
380	999	139	1005
380	999	140	1226
380	999	141	1079
380	999	142	1140
380	999	143	1256
380	999	144	1115
380	999	145	1311
380	999	146	1324
380	999	147	1054
380	999	148	1134
380	999	149	1128
380	999	150	950
380	999	151	1060
380	999	152	1017
380	999	153	1048
380	999	154	993
380	999	155	999
380	999	156	1017
380	999	157	858
380	999	158	981
380	999	159	950
380	999	160	925
380	999	161	870
380	999	162	668
380	999	163	729
380	999	164	791
380	999	165	686
380	999	166	607
380	999	167	631
380	999	168	631
380	999	169	521
380	999	170	594
380	999	171	631
380	999	172	650
380	999	173	503
380	999	174	545
380	999	175	515
380	999	176	453
380	999	177	429
380	999	178	374
380	999	179	404
380	999	180	349
380	999	181	294
380	999	182	270
380	999	183	257
380	999	184	190
380	999	185	245
380	999	186	178
380	999	187	184
380	999	188	123
380	999	189	116
380	999	190	110
380	999	191	43
380	999	192	37
380	999	193	29
380	999	194	55
380	999	195	63
380	999	196	85
380	999	197	63
380	999	198	92
380	999	199	88
380	999	200	129
380	999	201	151
380	999	202	121
380	999	203	169
380	999	204	213
380	999	205	224
380	999	206	235
380	999	207	235
380	999	208	195
380	999	209	335
380	999	210	283
380	999	211	290
380	999	212	331
380	999	213	305
380	999	214	397
380	999	215	327
380	999	216	412
380	999	217	331
380	999	218	415
380	999	219	401
380	999	220	555
380	999	221	515
380	999	222	427
380	999	223	555
380	999	224	548
380	999	225	518
380	999	226	489
380	999	227	541
380	999	228	555
380	999	229	618
380	999	230	559
380	999	231	599
380	999	232	643
380	999	233	666
380	999	234	688
380	999	235	603
380	999	236	735
380	999	237	647
380	999	238	684
380	999	239	754
380	999	240	669
380	999	241	787
380	999	242	794
380	999	243	632
380	999	244	680
380	999	245	677
380	999	246	570
380	999	247	636
380	999	248	610
380	999	249	629
380	999	250	596
380	999	251	599
380	999	252	610
380	999	253	515
380	999	254	588
380	999	255	570
380	999	256	555
380	999	257	522
380	999	258	401
380	999	259	438
380	999	260	474
380	999	261	412
380	999	262	364
380	999	263	379
380	999	264	379
380	999	265	313
380	999	266	357
380	999	267	379
380	999	268	390
380	999	269	302
380	999	270	327
380	999	271	309
380	999	272	272
380	999	273	257
380	999	274	224
380	999	275	243
380	999	276	210
380	999	277	176
380	999	278	162
380	999	279	154
380	999	280	114
380	999	281	147
380	999	282	107
380	999	283	110
380	999	284	74
380	999	285	70
380	999	286	66
380	999	287	26
380	999	288	22
537	999	1	5
537	999	2	9
537	999	3	10
537	999	4	14
537	999	5	10
537	999	6	15
537	999	7	15
537	999	8	21
537	999	9	25
537	999	10	20
537	999	11	28
537	999	12	35
537	999	13	37
537	999	14	39
537	999	15	39
537	999	16	32
537	999	17	56
537	999	18	47
537	999	19	48
537	999	20	55
537	999	21	51
537	999	22	66
537	999	23	54
537	999	24	68
537	999	25	55
537	999	26	69
537	999	27	66
537	999	28	92
537	999	29	85
537	999	30	71
537	999	31	92
537	999	32	91
537	999	33	86
537	999	34	81
537	999	35	90
537	999	36	92
537	999	37	102
537	999	38	93
537	999	39	99
537	999	40	107
537	999	41	110
537	999	42	114
537	999	43	100
537	999	44	122
537	999	45	107
537	999	46	113
537	999	47	125
537	999	48	111
537	999	49	131
537	999	50	132
537	999	51	105
537	999	52	113
537	999	53	112
537	999	54	95
537	999	55	106
537	999	56	101
537	999	57	104
537	999	58	99
537	999	59	99
537	999	60	101
537	999	61	85
537	999	62	98
537	999	63	95
537	999	64	92
537	999	65	87
537	999	66	66
537	999	67	73
537	999	68	79
537	999	69	68
537	999	70	60
537	999	71	63
537	999	72	63
537	999	73	52
537	999	74	59
537	999	75	63
537	999	76	65
537	999	77	50
537	999	78	54
537	999	79	51
537	999	80	45
537	999	81	43
537	999	82	37
537	999	83	40
537	999	84	35
537	999	85	29
537	999	86	27
537	999	87	26
537	999	88	19
537	999	89	24
537	999	90	18
537	999	91	18
537	999	92	12
537	999	93	12
537	999	94	11
537	999	95	4
537	999	96	4
537	999	97	12
537	999	98	23
537	999	99	26
537	999	100	35
537	999	101	26
537	999	102	38
537	999	103	37
537	999	104	53
537	999	105	63
537	999	106	50
537	999	107	70
537	999	108	88
537	999	109	93
537	999	110	98
537	999	111	98
537	999	112	81
537	999	113	139
537	999	114	117
537	999	115	120
537	999	116	137
537	999	117	127
537	999	118	165
537	999	119	136
537	999	120	171
537	999	121	137
537	999	122	172
537	999	123	166
537	999	124	230
537	999	125	213
537	999	126	177
537	999	127	230
537	999	128	227
537	999	129	215
537	999	130	203
537	999	131	224
537	999	132	230
537	999	133	256
537	999	134	232
537	999	135	249
537	999	136	267
537	999	137	276
537	999	138	285
537	999	139	250
537	999	140	305
537	999	141	268
537	999	142	284
537	999	143	313
537	999	144	278
537	999	145	326
537	999	146	329
537	999	147	262
537	999	148	282
537	999	149	281
537	999	150	236
537	999	151	264
537	999	152	253
537	999	153	261
537	999	154	247
537	999	155	249
537	999	156	253
537	999	157	213
537	999	158	244
537	999	159	236
537	999	160	230
537	999	161	217
537	999	162	166
537	999	163	181
537	999	164	197
537	999	165	171
537	999	166	151
537	999	167	157
537	999	168	157
537	999	169	130
537	999	170	148
537	999	171	157
537	999	172	162
537	999	173	125
537	999	174	136
537	999	175	128
537	999	176	113
537	999	177	107
537	999	178	93
537	999	179	101
537	999	180	87
537	999	181	73
537	999	182	67
537	999	183	64
537	999	184	47
537	999	185	61
537	999	186	44
537	999	187	46
537	999	188	30
537	999	189	29
537	999	190	27
537	999	191	11
537	999	192	9
537	999	193	7
537	999	194	14
537	999	195	16
537	999	196	21
537	999	197	16
537	999	198	23
537	999	199	22
537	999	200	32
537	999	201	38
537	999	202	30
537	999	203	42
537	999	204	53
537	999	205	56
537	999	206	59
537	999	207	59
537	999	208	48
537	999	209	83
537	999	210	70
537	999	211	72
537	999	212	82
537	999	213	76
537	999	214	99
537	999	215	81
537	999	216	102
537	999	217	82
537	999	218	103
537	999	219	100
537	999	220	138
537	999	221	128
537	999	222	106
537	999	223	138
537	999	224	136
537	999	225	129
537	999	226	122
537	999	227	134
537	999	228	138
537	999	229	154
537	999	230	139
537	999	231	149
537	999	232	160
537	999	233	166
537	999	234	171
537	999	235	150
537	999	236	183
537	999	237	161
537	999	238	170
537	999	239	188
537	999	240	167
537	999	241	196
537	999	242	198
537	999	243	157
537	999	244	169
537	999	245	168
537	999	246	142
537	999	247	158
537	999	248	152
537	999	249	156
537	999	250	148
537	999	251	149
537	999	252	152
537	999	253	128
537	999	254	146
537	999	255	142
537	999	256	138
537	999	257	130
537	999	258	100
537	999	259	109
537	999	260	118
537	999	261	102
537	999	262	91
537	999	263	94
537	999	264	94
537	999	265	78
537	999	266	89
537	999	267	94
537	999	268	97
537	999	269	75
537	999	270	81
537	999	271	77
537	999	272	68
537	999	273	64
537	999	274	56
537	999	275	60
537	999	276	52
537	999	277	44
537	999	278	40
537	999	279	38
537	999	280	28
537	999	281	37
537	999	282	27
537	999	283	27
537	999	284	18
537	999	285	17
537	999	286	16
537	999	287	6
537	999	288	5
557	999	1	3
557	999	2	6
557	999	3	7
557	999	4	9
557	999	5	7
557	999	6	10
557	999	7	10
557	999	8	14
557	999	9	16
557	999	10	13
557	999	11	18
557	999	12	23
557	999	13	24
557	999	14	25
557	999	15	25
557	999	16	21
557	999	17	36
557	999	18	31
557	999	19	31
557	999	20	36
557	999	21	33
557	999	22	43
557	999	23	35
557	999	24	45
557	999	25	36
557	999	26	45
557	999	27	43
557	999	28	60
557	999	29	56
557	999	30	46
557	999	31	60
557	999	32	59
557	999	33	56
557	999	34	53
557	999	35	58
557	999	36	60
557	999	37	67
557	999	38	60
557	999	39	65
557	999	40	70
557	999	41	72
557	999	42	74
557	999	43	65
557	999	44	80
557	999	45	70
557	999	46	74
557	999	47	82
557	999	48	72
557	999	49	85
557	999	50	86
557	999	51	68
557	999	52	74
557	999	53	73
557	999	54	62
557	999	55	69
557	999	56	66
557	999	57	68
557	999	58	64
557	999	59	65
557	999	60	66
557	999	61	56
557	999	62	64
557	999	63	62
557	999	64	60
557	999	65	56
557	999	66	43
557	999	67	47
557	999	68	51
557	999	69	45
557	999	70	39
557	999	71	41
557	999	72	41
557	999	73	34
557	999	74	39
557	999	75	41
557	999	76	42
557	999	77	33
557	999	78	35
557	999	79	33
557	999	80	29
557	999	81	28
557	999	82	24
557	999	83	26
557	999	84	23
557	999	85	19
557	999	86	17
557	999	87	17
557	999	88	12
557	999	89	16
557	999	90	12
557	999	91	12
557	999	92	8
557	999	93	8
557	999	94	7
557	999	95	3
557	999	96	2
557	999	97	8
557	999	98	15
557	999	99	17
557	999	100	23
557	999	101	17
557	999	102	25
557	999	103	24
557	999	104	35
557	999	105	41
557	999	106	33
557	999	107	46
557	999	108	58
557	999	109	61
557	999	110	64
557	999	111	64
557	999	112	53
557	999	113	90
557	999	114	77
557	999	115	79
557	999	116	89
557	999	117	83
557	999	118	107
557	999	119	88
557	999	120	111
557	999	121	89
557	999	122	112
557	999	123	108
557	999	124	150
557	999	125	139
557	999	126	115
557	999	127	150
557	999	128	148
557	999	129	140
557	999	130	132
557	999	131	146
557	999	132	150
557	999	133	167
557	999	134	151
557	999	135	162
557	999	136	174
557	999	137	180
557	999	138	186
557	999	139	163
557	999	140	199
557	999	141	175
557	999	142	185
557	999	143	204
557	999	144	181
557	999	145	213
557	999	146	215
557	999	147	171
557	999	148	184
557	999	149	183
557	999	150	154
557	999	151	172
557	999	152	165
557	999	153	170
557	999	154	161
557	999	155	162
557	999	156	165
557	999	157	139
557	999	158	159
557	999	159	154
557	999	160	150
557	999	161	141
557	999	162	108
557	999	163	118
557	999	164	128
557	999	165	111
557	999	166	98
557	999	167	102
557	999	168	102
557	999	169	84
557	999	170	96
557	999	171	102
557	999	172	105
557	999	173	82
557	999	174	88
557	999	175	83
557	999	176	74
557	999	177	70
557	999	178	61
557	999	179	66
557	999	180	57
557	999	181	48
557	999	182	44
557	999	183	42
557	999	184	31
557	999	185	40
557	999	186	29
557	999	187	30
557	999	188	20
557	999	189	19
557	999	190	18
557	999	191	7
557	999	192	6
557	999	193	5
557	999	194	9
557	999	195	10
557	999	196	14
557	999	197	10
557	999	198	15
557	999	199	14
557	999	200	21
557	999	201	24
557	999	202	20
557	999	203	27
557	999	204	35
557	999	205	36
557	999	206	38
557	999	207	38
557	999	208	32
557	999	209	54
557	999	210	46
557	999	211	47
557	999	212	54
557	999	213	50
557	999	214	64
557	999	215	53
557	999	216	67
557	999	217	54
557	999	218	67
557	999	219	65
557	999	220	90
557	999	221	83
557	999	222	69
557	999	223	90
557	999	224	89
557	999	225	84
557	999	226	79
557	999	227	88
557	999	228	90
557	999	229	100
557	999	230	91
557	999	231	97
557	999	232	104
557	999	233	108
557	999	234	112
557	999	235	98
557	999	236	119
557	999	237	105
557	999	238	111
557	999	239	122
557	999	240	109
557	999	241	128
557	999	242	129
557	999	243	103
557	999	244	110
557	999	245	110
557	999	246	92
557	999	247	103
557	999	248	99
557	999	249	102
557	999	250	97
557	999	251	97
557	999	252	99
557	999	253	83
557	999	254	95
557	999	255	92
557	999	256	90
557	999	257	85
557	999	258	65
557	999	259	71
557	999	260	77
557	999	261	67
557	999	262	59
557	999	263	61
557	999	264	61
557	999	265	51
557	999	266	58
557	999	267	61
557	999	268	63
557	999	269	49
557	999	270	53
557	999	271	50
557	999	272	44
557	999	273	42
557	999	274	36
557	999	275	39
557	999	276	34
557	999	277	29
557	999	278	26
557	999	279	25
557	999	280	18
557	999	281	24
557	999	282	17
557	999	283	18
557	999	284	12
557	999	285	11
557	999	286	11
557	999	287	4
557	999	288	4
367	999	1	7
367	999	2	13
367	999	3	14
367	999	4	20
367	999	5	14
367	999	6	21
367	999	7	20
367	999	8	30
367	999	9	35
367	999	10	28
367	999	11	39
367	999	12	49
367	999	13	52
367	999	14	55
367	999	15	55
367	999	16	45
367	999	17	78
367	999	18	66
367	999	19	67
367	999	20	77
367	999	21	71
367	999	22	92
367	999	23	76
367	999	24	95
367	999	25	77
367	999	26	96
367	999	27	93
367	999	28	129
367	999	29	119
367	999	30	99
367	999	31	129
367	999	32	127
367	999	33	120
367	999	34	113
367	999	35	125
367	999	36	129
367	999	37	143
367	999	38	130
367	999	39	139
367	999	40	149
367	999	41	154
367	999	42	159
367	999	43	140
367	999	44	170
367	999	45	150
367	999	46	159
367	999	47	175
367	999	48	155
367	999	49	182
367	999	50	184
367	999	51	147
367	999	52	158
367	999	53	157
367	999	54	132
367	999	55	147
367	999	56	141
367	999	57	146
367	999	58	138
367	999	59	139
367	999	60	141
367	999	61	119
367	999	62	136
367	999	63	132
367	999	64	129
367	999	65	121
367	999	66	93
367	999	67	101
367	999	68	110
367	999	69	95
367	999	70	84
367	999	71	88
367	999	72	88
367	999	73	72
367	999	74	83
367	999	75	88
367	999	76	90
367	999	77	70
367	999	78	76
367	999	79	72
367	999	80	63
367	999	81	60
367	999	82	52
367	999	83	56
367	999	84	49
367	999	85	41
367	999	86	38
367	999	87	36
367	999	88	26
367	999	89	34
367	999	90	25
367	999	91	26
367	999	92	17
367	999	93	16
367	999	94	15
367	999	95	6
367	999	96	5
367	999	97	17
367	999	98	32
367	999	99	36
367	999	100	49
367	999	101	36
367	999	102	53
367	999	103	51
367	999	104	75
367	999	105	87
367	999	106	70
367	999	107	98
367	999	108	124
367	999	109	130
367	999	110	136
367	999	111	136
367	999	112	113
367	999	113	194
367	999	114	164
367	999	115	168
367	999	116	192
367	999	117	177
367	999	118	230
367	999	119	190
367	999	120	239
367	999	121	192
367	999	122	241
367	999	123	232
367	999	124	322
367	999	125	298
367	999	126	247
367	999	127	322
367	999	128	318
367	999	129	300
367	999	130	283
367	999	131	313
367	999	132	322
367	999	133	358
367	999	134	324
367	999	135	347
367	999	136	373
367	999	137	386
367	999	138	398
367	999	139	349
367	999	140	426
367	999	141	375
367	999	142	396
367	999	143	437
367	999	144	388
367	999	145	456
367	999	146	460
367	999	147	367
367	999	148	394
367	999	149	392
367	999	150	330
367	999	151	369
367	999	152	354
367	999	153	364
367	999	154	345
367	999	155	347
367	999	156	354
367	999	157	298
367	999	158	341
367	999	159	330
367	999	160	322
367	999	161	303
367	999	162	232
367	999	163	254
367	999	164	275
367	999	165	239
367	999	166	211
367	999	167	219
367	999	168	219
367	999	169	181
367	999	170	207
367	999	171	219
367	999	172	226
367	999	173	175
367	999	174	190
367	999	175	179
367	999	176	158
367	999	177	149
367	999	178	130
367	999	179	141
367	999	180	121
367	999	181	102
367	999	182	94
367	999	183	89
367	999	184	66
367	999	185	85
367	999	186	62
367	999	187	64
367	999	188	43
367	999	189	40
367	999	190	38
367	999	191	15
367	999	192	13
367	999	193	10
367	999	194	19
367	999	195	22
367	999	196	29
367	999	197	22
367	999	198	32
367	999	199	31
367	999	200	45
367	999	201	52
367	999	202	42
367	999	203	59
367	999	204	74
367	999	205	78
367	999	206	82
367	999	207	82
367	999	208	68
367	999	209	116
367	999	210	98
367	999	211	101
367	999	212	115
367	999	213	106
367	999	214	138
367	999	215	114
367	999	216	143
367	999	217	115
367	999	218	144
367	999	219	139
367	999	220	193
367	999	221	179
367	999	222	148
367	999	223	193
367	999	224	191
367	999	225	180
367	999	226	170
367	999	227	188
367	999	228	193
367	999	229	215
367	999	230	194
367	999	231	208
367	999	232	224
367	999	233	231
367	999	234	239
367	999	235	210
367	999	236	256
367	999	237	225
367	999	238	238
367	999	239	262
367	999	240	233
367	999	241	274
367	999	242	276
367	999	243	220
367	999	244	237
367	999	245	235
367	999	246	198
367	999	247	221
367	999	248	212
367	999	249	219
367	999	250	207
367	999	251	208
367	999	252	212
367	999	253	179
367	999	254	205
367	999	255	198
367	999	256	193
367	999	257	182
367	999	258	139
367	999	259	152
367	999	260	165
367	999	261	143
367	999	262	127
367	999	263	132
367	999	264	132
367	999	265	109
367	999	266	124
367	999	267	132
367	999	268	136
367	999	269	105
367	999	270	114
367	999	271	107
367	999	272	95
367	999	273	89
367	999	274	78
367	999	275	84
367	999	276	73
367	999	277	61
367	999	278	56
367	999	279	54
367	999	280	40
367	999	281	51
367	999	282	37
367	999	283	38
367	999	284	26
367	999	285	24
367	999	286	23
367	999	287	9
367	999	288	8
429	999	1	2
429	999	2	4
429	999	3	5
429	999	4	6
429	999	5	5
429	999	6	7
429	999	7	7
429	999	8	10
429	999	9	11
429	999	10	9
429	999	11	13
429	999	12	16
429	999	13	17
429	999	14	18
429	999	15	18
429	999	16	15
429	999	17	25
429	999	18	21
429	999	19	22
429	999	20	25
429	999	21	23
429	999	22	30
429	999	23	25
429	999	24	31
429	999	25	25
429	999	26	31
429	999	27	30
429	999	28	42
429	999	29	39
429	999	30	32
429	999	31	42
429	999	32	41
429	999	33	39
429	999	34	37
429	999	35	41
429	999	36	42
429	999	37	47
429	999	38	42
429	999	39	45
429	999	40	49
429	999	41	50
429	999	42	52
429	999	43	46
429	999	44	56
429	999	45	49
429	999	46	52
429	999	47	57
429	999	48	51
429	999	49	59
429	999	50	60
429	999	51	48
429	999	52	51
429	999	53	51
429	999	54	43
429	999	55	48
429	999	56	46
429	999	57	48
429	999	58	45
429	999	59	45
429	999	60	46
429	999	61	39
429	999	62	44
429	999	63	43
429	999	64	42
429	999	65	39
429	999	66	30
429	999	67	33
429	999	68	36
429	999	69	31
429	999	70	28
429	999	71	29
429	999	72	29
429	999	73	24
429	999	74	27
429	999	75	29
429	999	76	29
429	999	77	23
429	999	78	25
429	999	79	23
429	999	80	21
429	999	81	19
429	999	82	17
429	999	83	18
429	999	84	16
429	999	85	13
429	999	86	12
429	999	87	12
429	999	88	9
429	999	89	11
429	999	90	8
429	999	91	8
429	999	92	6
429	999	93	5
429	999	94	5
429	999	95	2
429	999	96	2
429	999	97	6
429	999	98	10
429	999	99	12
429	999	100	16
429	999	101	12
429	999	102	17
429	999	103	17
429	999	104	24
429	999	105	28
429	999	106	23
429	999	107	32
429	999	108	40
429	999	109	42
429	999	110	44
429	999	111	44
429	999	112	37
429	999	113	63
429	999	114	54
429	999	115	55
429	999	116	63
429	999	117	58
429	999	118	75
429	999	119	62
429	999	120	78
429	999	121	63
429	999	122	79
429	999	123	76
429	999	124	105
429	999	125	97
429	999	126	81
429	999	127	105
429	999	128	104
429	999	129	98
429	999	130	92
429	999	131	102
429	999	132	105
429	999	133	117
429	999	134	106
429	999	135	113
429	999	136	122
429	999	137	126
429	999	138	130
429	999	139	114
429	999	140	139
429	999	141	122
429	999	142	129
429	999	143	142
429	999	144	126
429	999	145	149
429	999	146	150
429	999	147	120
429	999	148	129
429	999	149	128
429	999	150	108
429	999	151	120
429	999	152	115
429	999	153	119
429	999	154	113
429	999	155	113
429	999	156	115
429	999	157	97
429	999	158	111
429	999	159	108
429	999	160	105
429	999	161	99
429	999	162	76
429	999	163	83
429	999	164	90
429	999	165	78
429	999	166	69
429	999	167	72
429	999	168	72
429	999	169	59
429	999	170	67
429	999	171	72
429	999	172	74
429	999	173	57
429	999	174	62
429	999	175	58
429	999	176	51
429	999	177	49
429	999	178	42
429	999	179	46
429	999	180	40
429	999	181	33
429	999	182	31
429	999	183	29
429	999	184	22
429	999	185	28
429	999	186	20
429	999	187	21
429	999	188	14
429	999	189	13
429	999	190	13
429	999	191	5
429	999	192	4
429	999	193	3
429	999	194	6
429	999	195	7
429	999	196	10
429	999	197	7
429	999	198	10
429	999	199	10
429	999	200	15
429	999	201	17
429	999	202	14
429	999	203	19
429	999	204	24
429	999	205	25
429	999	206	27
429	999	207	27
429	999	208	22
429	999	209	38
429	999	210	32
429	999	211	33
429	999	212	38
429	999	213	35
429	999	214	45
429	999	215	37
429	999	216	47
429	999	217	38
429	999	218	47
429	999	219	45
429	999	220	63
429	999	221	58
429	999	222	48
429	999	223	63
429	999	224	62
429	999	225	59
429	999	226	55
429	999	227	61
429	999	228	63
429	999	229	70
429	999	230	63
429	999	231	68
429	999	232	73
429	999	233	75
429	999	234	78
429	999	235	68
429	999	236	83
429	999	237	73
429	999	238	78
429	999	239	85
429	999	240	76
429	999	241	89
429	999	242	90
429	999	243	72
429	999	244	77
429	999	245	77
429	999	246	65
429	999	247	72
429	999	248	69
429	999	249	71
429	999	250	68
429	999	251	68
429	999	252	69
429	999	253	58
429	999	254	67
429	999	255	65
429	999	256	63
429	999	257	59
429	999	258	45
429	999	259	50
429	999	260	54
429	999	261	47
429	999	262	41
429	999	263	43
429	999	264	43
429	999	265	35
429	999	266	40
429	999	267	43
429	999	268	44
429	999	269	34
429	999	270	37
429	999	271	35
429	999	272	31
429	999	273	29
429	999	274	25
429	999	275	28
429	999	276	24
429	999	277	20
429	999	278	18
429	999	279	18
429	999	280	13
429	999	281	17
429	999	282	12
429	999	283	13
429	999	284	8
429	999	285	8
429	999	286	8
429	999	287	3
429	999	288	3
